house_id,sensor_name,link,n_frames,n_valid_frames,valid_frame_ratio,activation_lt_0_50m,activation_lt_0_20m,activation_lt_0_10m,activation_lt_0_05m,near_saturation_lt_0_05m,raw_frame_activation_lt_0_50m,raw_frame_activation_lt_0_20m,raw_frame_activation_lt_0_10m,raw_frame_activation_lt_0_05m,mean_min_depth_m,std_min_depth_m,p05_min_depth_m,p50_min_depth_m,p95_min_depth_m,min_depth_m,median_within_traj_std_m,median_frame_to_frame_abs_diff_m,success_activation_lt_0_20m,failure_activation_lt_0_20m,success_minus_failure_activation_lt_0_20m,phase_approach_n_frames,phase_approach_n_valid_frames,phase_approach_valid_frame_ratio,phase_approach_activation_lt_0_20m,phase_pregrasp_n_frames,phase_pregrasp_n_valid_frames,phase_pregrasp_valid_frame_ratio,phase_pregrasp_activation_lt_0_20m,phase_grasp_lift_n_frames,phase_grasp_lift_n_valid_frames,phase_grasp_lift_valid_frame_ratio,phase_grasp_lift_activation_lt_0_20m,phase_transit_n_frames,phase_transit_n_valid_frames,phase_transit_valid_frame_ratio,phase_transit_activation_lt_0_20m,phase_place_n_frames,phase_place_n_valid_frames,phase_place_valid_frame_ratio,phase_place_activation_lt_0_20m,phase_post_place_n_frames,phase_post_place_n_valid_frames,phase_post_place_valid_frame_ratio,phase_post_place_activation_lt_0_20m,phase_unknown_n_frames,phase_unknown_n_valid_frames,phase_unknown_valid_frame_ratio,phase_unknown_activation_lt_0_20m,phase_spread_active_phase_count,suspicious_self_sensing,suspicious_reason
house_1,link2_sensor_0,link2,260,259,0.9961538461538462,1.0,0.0,0.0,0.0,0.0,1.0,0.0038461538461538464,0.0038461538461538464,0.0038461538461538464,0.3864369004619628,0.058892424427810564,0.2861364483833313,0.4057762324810028,0.4498006612062454,0.286135733127594,0.058892424427810564,0.0006031543016433716,0.0,,,6,5,0.8333333333333334,0.0,35,35,1.0,0.0,68,68,1.0,0.0,14,14,1.0,0.0,21,21,1.0,0.0,83,83,1.0,0.0,33,33,1.0,0.0,0,False,
house_1,link2_sensor_1,link2,260,259,0.9961538461538462,0.0,0.0,0.0,0.0,0.0,0.0038461538461538464,0.0038461538461538464,0.0038461538461538464,0.0038461538461538464,1.089332088310286,0.07249730577887648,0.9706760227680207,1.0967416763305664,1.195630669593811,0.9701057076454163,0.07249730577887648,0.0018613934516906738,0.0,,,6,5,0.8333333333333334,0.0,35,35,1.0,0.0,68,68,1.0,0.0,14,14,1.0,0.0,21,21,1.0,0.0,83,83,1.0,0.0,33,33,1.0,0.0,0,False,
house_1,link2_sensor_2,link2,260,259,0.9961538461538462,0.803088803088803,0.0,0.0,0.0,0.0,0.8038461538461539,0.0038461538461538464,0.0038461538461538464,0.0038461538461538464,0.4488142305359417,0.05174956229768066,0.38273760974407195,0.4287059009075165,0.5523160219192504,0.3792344629764557,0.05174956229768066,0.0009776800870895386,0.0,,,6,5,0.8333333333333334,0.0,35,35,1.0,0.0,68,68,1.0,0.0,14,14,1.0,0.0,21,21,1.0,0.0,83,83,1.0,0.0,33,33,1.0,0.0,0,False,
house_1,link2_sensor_3,link2,260,259,0.9961538461538462,0.0,0.0,0.0,0.0,0.0,0.0038461538461538464,0.0038461538461538464,0.0038461538461538464,0.0038461538461538464,1.0120460984789728,0.0439927086100503,0.9671622812747955,1.0040234327316284,1.098416805267334,0.966290295124054,0.0439927086100503,0.0009121894836425781,0.0,,,6,5,0.8333333333333334,0.0,35,35,1.0,0.0,68,68,1.0,0.0,14,14,1.0,0.0,21,21,1.0,0.0,83,83,1.0,0.0,33,33,1.0,0.0,0,False,
house_1,link2_sensor_4,link2,260,259,0.9961538461538462,0.0,0.0,0.0,0.0,0.0,0.0038461538461538464,0.0038461538461538464,0.0038461538461538464,0.0038461538461538464,1.315365603301516,0.23011545372804001,0.975178349018097,1.3553459644317627,1.5683823466300963,0.9525321125984192,0.23011545372804001,0.004073202610015869,0.0,,,6,5,0.8333333333333334,0.0,35,35,1.0,0.0,68,68,1.0,0.0,14,14,1.0,0.0,21,21,1.0,0.0,83,83,1.0,0.0,33,33,1.0,0.0,0,False,
house_1,link2_sensor_5,link2,260,259,0.9961538461538462,0.0,0.0,0.0,0.0,0.0,0.0038461538461538464,0.0038461538461538464,0.0038461538461538464,0.0038461538461538464,1.1453893467726395,0.25491555680319156,0.7438594102859497,1.3002796173095703,1.3755173206329345,0.7353515625,0.25491555680319156,0.0014992952346801758,0.0,,,6,5,0.8333333333333334,0.0,35,35,1.0,0.0,68,68,1.0,0.0,14,14,1.0,0.0,21,21,1.0,0.0,83,83,1.0,0.0,33,33,1.0,0.0,0,False,
house_1,link2_sensor_6,link2,260,259,0.9961538461538462,0.9961389961389961,0.0,0.0,0.0,0.0,0.9961538461538462,0.0038461538461538464,0.0038461538461538464,0.0038461538461538464,0.3172582794110287,0.08030801626960257,0.2531493127346039,0.2683422565460205,0.45133875906467436,0.2529071569442749,0.08030801626960257,0.0004524439573287964,0.0,,,6,5,0.8333333333333334,0.0,35,35,1.0,0.0,68,68,1.0,0.0,14,14,1.0,0.0,21,21,1.0,0.0,83,83,1.0,0.0,33,33,1.0,0.0,0,False,
house_1,link3_sensor_0,link3,260,259,0.9961538461538462,0.0,0.0,0.0,0.0,0.0,0.0038461538461538464,0.0038461538461538464,0.0038461538461538464,0.0038461538461538464,1.2480276224696039,0.22720021751020103,0.9493105411529541,1.231963038444519,1.646118688583374,0.9369737505912781,0.22720021751020103,0.006477177143096924,0.0,,,6,5,0.8333333333333334,0.0,35,35,1.0,0.0,68,68,1.0,0.0,14,14,1.0,0.0,21,21,1.0,0.0,83,83,1.0,0.0,33,33,1.0,0.0,0,False,
house_1,link3_sensor_1,link3,260,259,0.9961538461538462,0.0,0.0,0.0,0.0,0.0,0.0038461538461538464,0.0038461538461538464,0.0038461538461538464,0.0038461538461538464,1.2397549515985613,0.16430392638767577,1.030491578578949,1.222043514251709,1.515202820301056,1.029805064201355,0.16430392638767577,0.0022497177124023438,0.0,,,6,5,0.8333333333333334,0.0,35,35,1.0,0.0,68,68,1.0,0.0,14,14,1.0,0.0,21,21,1.0,0.0,83,83,1.0,0.0,33,33,1.0,0.0,0,False,
house_1,link3_sensor_2,link3,260,259,0.9961538461538462,1.0,0.0,0.0,0.0,0.0,1.0,0.0038461538461538464,0.0038461538461538464,0.0038461538461538464,0.27269063792173465,0.04055192583275808,0.21765920519828796,0.2655665874481201,0.34348003268241883,0.21765874326229095,0.04055192583275808,0.0012859553098678589,0.0,,,6,5,0.8333333333333334,0.0,35,35,1.0,0.0,68,68,1.0,0.0,14,14,1.0,0.0,21,21,1.0,0.0,83,83,1.0,0.0,33,33,1.0,0.0,0,False,
house_1,link3_sensor_3,link3,260,259,0.9961538461538462,0.0,0.0,0.0,0.0,0.0,0.0038461538461538464,0.0038461538461538464,0.0038461538461538464,0.0038461538461538464,1.0479699978497037,0.12185237023531736,0.8262224674224854,1.0667320489883423,1.227040183544159,0.8246437907218933,0.12185237023531736,0.0019475817680358887,0.0,,,6,5,0.8333333333333334,0.0,35,35,1.0,0.0,68,68,1.0,0.0,14,14,1.0,0.0,21,21,1.0,0.0,83,83,1.0,0.0,33,33,1.0,0.0,0,False,
house_1,link3_sensor_4,link3,260,259,0.9961538461538462,0.20463320463320464,0.0,0.0,0.0,0.0,0.2076923076923077,0.0038461538461538464,0.0038461538461538464,0.0038461538461538464,0.9047738089294507,0.29597139149208174,0.4485902190208435,1.0390799045562744,1.1977840662002563,0.44852980971336365,0.29597139149208174,0.002064645290374756,0.0,,,6,5,0.8333333333333334,0.0,35,35,1.0,0.0,68,68,1.0,0.0,14,14,1.0,0.0,21,21,1.0,0.0,83,83,1.0,0.0,33,33,1.0,0.0,0,False,
house_1,link3_sensor_5,link3,260,259,0.9961538461538462,0.0,0.0,0.0,0.0,0.0,0.0038461538461538464,0.0038461538461538464,0.0038461538461538464,0.0038461538461538464,1.062872795985012,0.25291898329283646,0.7350880622863769,1.0917768478393555,1.3904080629348754,0.7329469919204712,0.25291898329283646,0.0018589198589324951,0.0,,,6,5,0.8333333333333334,0.0,35,35,1.0,0.0,68,68,1.0,0.0,14,14,1.0,0.0,21,21,1.0,0.0,83,83,1.0,0.0,33,33,1.0,0.0,0,False,
house_1,link3_sensor_6,link3,260,259,0.9961538461538462,0.8416988416988417,0.0,0.0,0.0,0.0,0.8423076923076923,0.0038461538461538464,0.0038461538461538464,0.0038461538461538464,0.384050203106118,0.09826462993698848,0.2612897664308548,0.39712822437286377,0.5582542359828949,0.2604421079158783,0.09826462993698848,0.0017174631357192993,0.0,,,6,5,0.8333333333333334,0.0,35,35,1.0,0.0,68,68,1.0,0.0,14,14,1.0,0.0,21,21,1.0,0.0,83,83,1.0,0.0,33,33,1.0,0.0,0,False,
house_1,link3_sensor_7,link3,260,259,0.9961538461538462,0.4942084942084942,0.0,0.0,0.0,0.0,0.49615384615384617,0.0038461538461538464,0.0038461538461538464,0.0038461538461538464,0.4345698708157742,0.1267126965259787,0.2480709046125412,0.5024418830871582,0.5585023522377014,0.24801687896251678,0.1267126965259787,0.0006372928619384766,0.0,,,6,5,0.8333333333333334,0.0,35,35,1.0,0.0,68,68,1.0,0.0,14,14,1.0,0.0,21,21,1.0,0.0,83,83,1.0,0.0,33,33,1.0,0.0,0,False,
house_1,link5_sensor_0,link5,260,259,0.9961538461538462,0.0,0.0,0.0,0.0,0.0,0.0038461538461538464,0.0038461538461538464,0.0038461538461538464,0.0038461538461538464,1.3381082137118896,0.24633629898224427,1.0653024673461915,1.2458456754684448,1.7387595176696777,1.0609050989151,0.24633629898224427,0.004459261894226074,0.0,,,6,5,0.8333333333333334,0.0,35,35,1.0,0.0,68,68,1.0,0.0,14,14,1.0,0.0,21,21,1.0,0.0,83,83,1.0,0.0,33,33,1.0,0.0,0,False,
house_1,link5_sensor_1,link5,260,259,0.9961538461538462,0.0,0.0,0.0,0.0,0.0,0.0038461538461538464,0.0038461538461538464,0.0038461538461538464,0.0038461538461538464,1.3990397181750265,0.33264319060812325,1.0356247305870057,1.2431206703186035,1.9791259765625,1.0331848859786987,0.33264319060812325,0.004222452640533447,0.0,,,6,5,0.8333333333333334,0.0,35,35,1.0,0.0,68,68,1.0,0.0,14,14,1.0,0.0,21,21,1.0,0.0,83,83,1.0,0.0,33,33,1.0,0.0,0,False,
house_1,link5_sensor_2,link5,260,259,0.9961538461538462,0.0,0.0,0.0,0.0,0.0,0.0038461538461538464,0.0038461538461538464,0.0038461538461538464,0.0038461538461538464,1.3177811222647147,0.3091837925070126,0.8505058407783508,1.508768081665039,1.6226654529571534,0.84898442029953,0.3091837925070126,0.0026764273643493652,0.0,,,6,5,0.8333333333333334,0.0,35,35,1.0,0.0,68,68,1.0,0.0,14,14,1.0,0.0,21,21,1.0,0.0,83,83,1.0,0.0,33,33,1.0,0.0,0,False,
house_1,link5_sensor_3,link5,260,259,0.9961538461538462,0.11196911196911197,0.11196911196911197,0.0,0.0,0.0,0.11538461538461539,0.11538461538461539,0.0038461538461538464,0.0038461538461538464,0.695806897457502,0.2051837459319585,0.16265107095241546,0.7400805354118347,0.8985596299171448,0.16223320364952087,0.2051837459319585,0.0017904937267303467,0.11196911196911197,,,6,5,0.8333333333333334,0.0,35,35,1.0,0.0,68,68,1.0,0.4264705882352941,14,14,1.0,0.0,21,21,1.0,0.0,83,83,1.0,0.0,33,33,1.0,0.0,1,False,
house_1,link5_sensor_4,link5,260,259,0.9961538461538462,0.0,0.0,0.0,0.0,0.0,0.0038461538461538464,0.0038461538461538464,0.0038461538461538464,0.0038461538461538464,1.3405755247388567,0.16635463964946826,1.0430012583732604,1.3794889450073242,1.5535140395164488,1.0413607358932495,0.16635463964946826,0.0036556124687194824,0.0,,,6,5,0.8333333333333334,0.0,35,35,1.0,0.0,68,68,1.0,0.0,14,14,1.0,0.0,21,21,1.0,0.0,83,83,1.0,0.0,33,33,1.0,0.0,0,False,
house_1,link5_sensor_5,link5,260,259,0.9961538461538462,0.0,0.0,0.0,0.0,0.0,0.0038461538461538464,0.0038461538461538464,0.0038461538461538464,0.0038461538461538464,1.3700565785514802,0.2997682019831349,0.9705556929111481,1.3972800970077515,1.7439173698425292,0.9697420001029968,0.2997682019831349,0.002084076404571533,0.0,,,6,5,0.8333333333333334,0.0,35,35,1.0,0.0,68,68,1.0,0.0,14,14,1.0,0.0,21,21,1.0,0.0,83,83,1.0,0.0,33,33,1.0,0.0,0,False,
house_1,link6_sensor_0,link6,260,259,0.9961538461538462,1.0,0.833976833976834,0.42857142857142855,0.3204633204633205,0.3204633204633205,1.0,0.8346153846153846,0.4307692307692308,0.3230769230769231,0.10835140063265576,0.061103613227306036,0.041197404637932776,0.11479420214891434,0.2086140140891075,0.04119356349110603,0.061103613227306036,9.664520621299744e-05,0.833976833976834,,,6,5,0.8333333333333334,0.0,35,35,1.0,1.0,68,68,1.0,1.0,14,14,1.0,1.0,21,21,1.0,0.09523809523809523,83,83,1.0,0.7710843373493976,33,33,1.0,1.0,5,True,activation_spread_across_many_phases
house_1,link6_sensor_1,link6,260,259,0.9961538461538462,1.0,0.7413127413127413,0.416988416988417,0.0,0.0,1.0,0.7423076923076923,0.41923076923076924,0.0038461538461538464,0.14521041643377897,0.09195612067434512,0.054811565205454826,0.12936797738075256,0.31146204471588135,0.054125506430864334,0.09195612067434512,0.00043851137161254883,0.7413127413127413,,,6,5,0.8333333333333334,0.0,35,35,1.0,1.0,68,68,1.0,1.0,14,14,1.0,0.7857142857142857,21,21,1.0,0.0,83,83,1.0,0.5421686746987951,33,33,1.0,1.0,5,True,activation_spread_across_many_phases
house_1,link6_sensor_2,link6,260,259,0.9961538461538462,0.9961389961389961,0.6177606177606177,0.16988416988416988,0.0,0.0,0.9961538461538462,0.6192307692307693,0.17307692307692307,0.0038461538461538464,0.23289392868409287,0.14791249825344568,0.09680350869894028,0.1875579059123993,0.49248850643634795,0.09578550606966019,0.14791249825344568,0.0005369633436203003,0.6177606177606177,,,6,5,0.8333333333333334,0.0,35,35,1.0,1.0,68,68,1.0,1.0,14,14,1.0,0.5,21,21,1.0,0.0,83,83,1.0,0.20481927710843373,33,33,1.0,1.0,5,True,activation_spread_across_many_phases
house_1,link6_sensor_3,link6,260,259,0.9961538461538462,0.0,0.0,0.0,0.0,0.0,0.0038461538461538464,0.0038461538461538464,0.0038461538461538464,0.0038461538461538464,0.6925796316397236,0.08530145611842341,0.5920109391212464,0.6803387999534607,0.8330162763595581,0.5904995799064636,0.08530145611842341,0.0006583929061889648,0.0,,,6,5,0.8333333333333334,0.0,35,35,1.0,0.0,68,68,1.0,0.0,14,14,1.0,0.0,21,21,1.0,0.0,83,83,1.0,0.0,33,33,1.0,0.0,0,False,
house_1,link6_sensor_4,link6,260,259,0.9961538461538462,0.5328185328185329,0.0,0.0,0.0,0.0,0.5346153846153846,0.0038461538461538464,0.0038461538461538464,0.0038461538461538464,0.5375815357250596,0.09780985483029625,0.4238264411687851,0.4963929355144501,0.6968151688575744,0.42240434885025024,0.09780985483029625,0.0014365017414093018,0.0,,,6,5,0.8333333333333334,0.0,35,35,1.0,0.0,68,68,1.0,0.0,14,14,1.0,0.0,21,21,1.0,0.0,83,83,1.0,0.0,33,33,1.0,0.0,0,False,
house_1,link6_sensor_5,link6,260,259,0.9961538461538462,0.9961389961389961,0.6061776061776062,0.21235521235521235,0.0,0.0,0.9961538461538462,0.6076923076923076,0.2153846153846154,0.0038461538461538464,0.23457771099557287,0.1480331615139576,0.09642968401312828,0.19188079237937927,0.49339387118816375,0.09541311115026474,0.1480331615139576,0.0005194693803787231,0.6061776061776062,,,6,5,0.8333333333333334,0.0,35,35,1.0,1.0,68,68,1.0,1.0,14,14,1.0,0.5,21,21,1.0,0.0,83,83,1.0,0.1686746987951807,33,33,1.0,1.0,4,True,activation_spread_across_many_phases
house_1,link6_sensor_6,link6,260,259,0.9961538461538462,1.0,0.7876447876447876,0.4247104247104247,0.28957528957528955,0.28957528957528955,1.0,0.7884615384615384,0.4269230769230769,0.2923076923076923,0.12316592942391123,0.07575048515757984,0.043790492415428164,0.11841730028390884,0.25510431826114655,0.043236181139945984,0.07575048515757984,0.00039913132786750793,0.7876447876447876,,,6,5,0.8333333333333334,0.0,35,35,1.0,1.0,68,68,1.0,1.0,14,14,1.0,0.9285714285714286,21,21,1.0,0.0,83,83,1.0,0.6626506024096386,33,33,1.0,1.0,5,True,activation_spread_across_many_phases
house_1,link6_sensor_7,link6,260,259,0.9961538461538462,0.0,0.0,0.0,0.0,0.0,0.0038461538461538464,0.0038461538461538464,0.0038461538461538464,0.0038461538461538464,1.3808207686803515,0.3152935285016054,1.050224232673645,1.342994213104248,2.0416192293167112,1.0414204597473145,0.3152935285016054,0.0015611052513122559,0.0,,,6,5,0.8333333333333334,0.0,35,35,1.0,0.0,68,68,1.0,0.0,14,14,1.0,0.0,21,21,1.0,0.0,83,83,1.0,0.0,33,33,1.0,0.0,0,False,
house_3,link2_sensor_0,link2,241,241,1.0,0.5103734439834025,0.0,0.0,0.0,0.0,0.5103734439834025,0.0,0.0,0.0,0.8483479187448985,0.5681183374646922,0.2861432731151581,0.48683246970176697,1.6550407409667969,0.2818286716938019,0.5681183374646922,0.0009492635726928711,0.0,,,6,6,1.0,0.0,15,15,1.0,0.0,50,50,1.0,0.0,33,33,1.0,0.0,21,21,1.0,0.0,83,83,1.0,0.0,33,33,1.0,0.0,0,False,
house_3,link2_sensor_1,link2,241,241,1.0,0.5684647302904564,0.11618257261410789,0.0,0.0,0.0,0.5684647302904564,0.11618257261410789,0.0,0.0,0.6144462525844574,0.42478837537985104,0.19044023752212524,0.4508795738220215,1.4565531015396118,0.1896677017211914,0.42478837537985104,0.0013149082660675049,0.11618257261410789,,,6,6,1.0,0.8333333333333334,15,15,1.0,0.0,50,50,1.0,0.0,33,33,1.0,0.06060606060606061,21,21,1.0,0.7142857142857143,83,83,1.0,0.07228915662650602,33,33,1.0,0.0,1,False,
house_3,link2_sensor_2,link2,241,241,1.0,0.0,0.0,0.0,0.0,0.0,0.0,0.0,0.0,0.0,1.1741397173078227,0.4654490146017961,0.7245751023292542,0.8787444233894348,1.8295137882232666,0.6710191965103149,0.4654490146017961,0.001970738172531128,0.0,,,6,6,1.0,0.0,15,15,1.0,0.0,50,50,1.0,0.0,33,33,1.0,0.0,21,21,1.0,0.0,83,83,1.0,0.0,33,33,1.0,0.0,0,False,
house_3,link2_sensor_3,link2,241,241,1.0,0.6887966804979253,0.3651452282157676,0.012448132780082987,0.0,0.0,0.6887966804979253,0.3651452282157676,0.012448132780082987,0.0,0.5089842124351327,0.43749132023262144,0.15118563175201416,0.2898182272911072,1.4310592412948608,0.09150338917970657,0.43749132023262144,0.0011201798915863037,0.3651452282157676,,,6,6,1.0,0.8333333333333334,15,15,1.0,0.0,50,50,1.0,0.0,33,33,1.0,0.36363636363636365,21,21,1.0,1.0,83,83,1.0,0.6024096385542169,33,33,1.0,0.0,3,False,
house_3,link2_sensor_4,link2,241,241,1.0,0.07053941908713693,0.0,0.0,0.0,0.0,0.07053941908713693,0.0,0.0,0.0,1.3604049445187898,0.7871773829575539,0.46521687507629395,0.8811702132225037,2.4138195514678955,0.35786300897598267,0.7871773829575539,0.00046847760677337646,0.0,,,6,6,1.0,0.0,15,15,1.0,0.0,50,50,1.0,0.0,33,33,1.0,0.0,21,21,1.0,0.0,83,83,1.0,0.0,33,33,1.0,0.0,0,False,
house_3,link2_sensor_5,link2,241,241,1.0,0.04149377593360996,0.0,0.0,0.0,0.0,0.04149377593360996,0.0,0.0,0.0,1.8679747760790513,0.747723624445413,0.5866294503211975,2.2560315132141113,2.516099452972412,0.33433032035827637,0.747723624445413,0.0008366107940673828,0.0,,,6,6,1.0,0.0,15,15,1.0,0.0,50,50,1.0,0.0,33,33,1.0,0.0,21,21,1.0,0.0,83,83,1.0,0.0,33,33,1.0,0.0,0,False,
house_3,link2_sensor_6,link2,241,241,1.0,1.0,0.6804979253112033,0.31950207468879666,0.0,0.0,1.0,0.6804979253112033,0.31950207468879666,0.0,0.1582881710279532,0.07134370376194456,0.08961477130651474,0.12283149361610413,0.25644171237945557,0.08908181637525558,0.07134370376194456,0.0001066066324710846,0.6804979253112033,,,6,6,1.0,0.0,15,15,1.0,1.0,50,50,1.0,1.0,33,33,1.0,0.8484848484848485,21,21,1.0,0.0,83,83,1.0,0.4578313253012048,33,33,1.0,1.0,5,True,activation_spread_across_many_phases
house_3,link3_sensor_0,link3,241,241,1.0,0.0,0.0,0.0,0.0,0.0,0.0,0.0,0.0,0.0,1.5264426217534235,0.5126920241261652,0.7092904448509216,1.8171844482421875,1.9746755361557007,0.7088894248008728,0.5126920241261652,0.0027701258659362793,0.0,,,6,6,1.0,0.0,15,15,1.0,0.0,50,50,1.0,0.0,33,33,1.0,0.0,21,21,1.0,0.0,83,83,1.0,0.0,33,33,1.0,0.0,0,False,
house_3,link3_sensor_1,link3,241,241,1.0,0.29045643153526973,0.0,0.0,0.0,0.0,0.29045643153526973,0.0,0.0,0.0,0.9900930298809194,0.5759038052174469,0.43005135655403137,0.6943743824958801,1.8140678405761719,0.4174049198627472,0.5759038052174469,0.0017590522766113281,0.0,,,6,6,1.0,0.0,15,15,1.0,0.0,50,50,1.0,0.0,33,33,1.0,0.0,21,21,1.0,0.0,83,83,1.0,0.0,33,33,1.0,0.0,0,False,
house_3,link3_sensor_2,link3,241,241,1.0,0.5062240663900415,0.004149377593360996,0.0,0.0,0.0,0.5062240663900415,0.004149377593360996,0.0,0.0,0.5016137405426175,0.10597530420475691,0.37087392807006836,0.497114360332489,0.7251825332641602,0.17446760833263397,0.10597530420475691,0.00108318030834198,0.004149377593360996,,,6,6,1.0,0.16666666666666666,15,15,1.0,0.0,50,50,1.0,0.0,33,33,1.0,0.0,21,21,1.0,0.0,83,83,1.0,0.0,33,33,1.0,0.0,0,False,
house_3,link3_sensor_3,link3,241,241,1.0,0.0,0.0,0.0,0.0,0.0,0.0,0.0,0.0,0.0,2.0221556437460713,0.49451590059152567,0.8235101103782654,2.219547986984253,2.3159074783325195,0.8175705671310425,0.49451590059152567,0.001697838306427002,0.0,,,6,6,1.0,0.0,15,15,1.0,0.0,50,50,1.0,0.0,33,33,1.0,0.0,21,21,1.0,0.0,83,83,1.0,0.0,33,33,1.0,0.0,0,False,
house_3,link3_sensor_4,link3,241,241,1.0,0.0,0.0,0.0,0.0,0.0,0.0,0.0,0.0,0.0,1.9434635604565569,0.2480486630392832,1.7481366395950317,1.8261390924453735,2.4469873905181885,1.447221040725708,0.2480486630392832,0.004035532474517822,0.0,,,6,6,1.0,0.0,15,15,1.0,0.0,50,50,1.0,0.0,33,33,1.0,0.0,21,21,1.0,0.0,83,83,1.0,0.0,33,33,1.0,0.0,0,False,
house_3,link3_sensor_5,link3,241,241,1.0,0.11203319502074689,0.0,0.0,0.0,0.0,0.11203319502074689,0.0,0.0,0.0,0.8256588536179412,0.3030715276448183,0.4859444797039032,0.7355776429176331,1.5728108882904053,0.48373866081237793,0.3030715276448183,0.0015662312507629395,0.0,,,6,6,1.0,0.0,15,15,1.0,0.0,50,50,1.0,0.0,33,33,1.0,0.0,21,21,1.0,0.0,83,83,1.0,0.0,33,33,1.0,0.0,0,False,
house_3,link3_sensor_6,link3,241,241,1.0,0.004149377593360996,0.004149377593360996,0.0,0.0,0.0,0.004149377593360996,0.004149377593360996,0.0,0.0,0.8393426115211114,0.1795498435291368,0.5715264081954956,0.8137733340263367,1.0983002185821533,0.14071591198444366,0.1795498435291368,0.0037460923194885254,0.004149377593360996,,,6,6,1.0,0.16666666666666666,15,15,1.0,0.0,50,50,1.0,0.0,33,33,1.0,0.0,21,21,1.0,0.0,83,83,1.0,0.0,33,33,1.0,0.0,0,False,
house_3,link3_sensor_7,link3,241,241,1.0,0.7012448132780082,0.0,0.0,0.0,0.0,0.7012448132780082,0.0,0.0,0.0,0.38103915206871586,0.1255746612599385,0.21306855976581573,0.3438122868537903,0.566468358039856,0.20720723271369934,0.1255746612599385,0.00023965537548065186,0.0,,,6,6,1.0,0.0,15,15,1.0,0.0,50,50,1.0,0.0,33,33,1.0,0.0,21,21,1.0,0.0,83,83,1.0,0.0,33,33,1.0,0.0,0,False,
house_3,link5_sensor_0,link5,241,241,1.0,0.0,0.0,0.0,0.0,0.0,0.0,0.0,0.0,0.0,1.477222587310427,0.43419104448387225,0.9579333066940308,1.5416024923324585,2.0213875770568848,0.9302887916564941,0.43419104448387225,0.0045506954193115234,0.0,,,6,6,1.0,0.0,15,15,1.0,0.0,50,50,1.0,0.0,33,33,1.0,0.0,21,21,1.0,0.0,83,83,1.0,0.0,33,33,1.0,0.0,0,False,
house_3,link5_sensor_1,link5,241,241,1.0,0.0,0.0,0.0,0.0,0.0,0.0,0.0,0.0,0.0,1.583777624294471,0.5748071160318994,0.6998976469039917,1.8937374353408813,2.196659803390503,0.6912078857421875,0.5748071160318994,0.0035881400108337402,0.0,,,6,6,1.0,0.0,15,15,1.0,0.0,50,50,1.0,0.0,33,33,1.0,0.0,21,21,1.0,0.0,83,83,1.0,0.0,33,33,1.0,0.0,0,False,
house_3,link5_sensor_2,link5,241,241,1.0,0.0,0.0,0.0,0.0,0.0,0.0,0.0,0.0,0.0,1.9131751164361155,0.5306587802944336,0.6871271729469299,1.9897136688232422,2.388925790786743,0.6865666508674622,0.5306587802944336,0.0010596513748168945,0.0,,,6,6,1.0,0.0,15,15,1.0,0.0,50,50,1.0,0.0,33,33,1.0,0.0,21,21,1.0,0.0,83,83,1.0,0.0,33,33,1.0,0.0,0,False,
house_3,link5_sensor_3,link5,241,241,1.0,0.0,0.0,0.0,0.0,0.0,0.0,0.0,0.0,0.0,1.0778713372238444,0.6402756395840702,0.537891685962677,0.7517143487930298,2.2077736854553223,0.5024264454841614,0.6402756395840702,0.0032940804958343506,0.0,,,6,6,1.0,0.0,15,15,1.0,0.0,50,50,1.0,0.0,33,33,1.0,0.0,21,21,1.0,0.0,83,83,1.0,0.0,33,33,1.0,0.0,0,False,
house_3,link5_sensor_4,link5,241,241,1.0,0.6099585062240664,0.0,0.0,0.0,0.0,0.6099585062240664,0.0,0.0,0.0,0.6798251106778616,0.4516239589613206,0.26558050513267517,0.384683221578598,1.3870593309402466,0.26305150985717773,0.4516239589613206,0.004528671503067017,0.0,,,6,6,1.0,0.0,15,15,1.0,0.0,50,50,1.0,0.0,33,33,1.0,0.0,21,21,1.0,0.0,83,83,1.0,0.0,33,33,1.0,0.0,0,False,
house_3,link5_sensor_5,link5,241,241,1.0,0.0,0.0,0.0,0.0,0.0,0.0,0.0,0.0,0.0,1.2759670231846854,0.5784870808566338,0.6836296916007996,0.8082064390182495,1.9812750816345215,0.6714463233947754,0.5784870808566338,0.0020813047885894775,0.0,,,6,6,1.0,0.0,15,15,1.0,0.0,50,50,1.0,0.0,33,33,1.0,0.0,21,21,1.0,0.0,83,83,1.0,0.0,33,33,1.0,0.0,0,False,
house_3,link6_sensor_0,link6,241,241,1.0,0.17012448132780084,0.0,0.0,0.0,0.0,0.17012448132780084,0.0,0.0,0.0,0.7116342703831147,0.18532997122003458,0.39476478099823,0.6990799307823181,1.0401149988174438,0.3810730278491974,0.18532997122003458,0.005494147539138794,0.0,,,6,6,1.0,0.0,15,15,1.0,0.0,50,50,1.0,0.0,33,33,1.0,0.0,21,21,1.0,0.0,83,83,1.0,0.0,33,33,1.0,0.0,0,False,
house_3,link6_sensor_1,link6,241,241,1.0,0.1908713692946058,0.0,0.0,0.0,0.0,0.1908713692946058,0.0,0.0,0.0,0.8051085765183714,0.25253058166384157,0.34814733266830444,0.8651403188705444,1.066032886505127,0.34660959243774414,0.25253058166384157,0.0028765201568603516,0.0,,,6,6,1.0,0.0,15,15,1.0,0.0,50,50,1.0,0.0,33,33,1.0,0.0,21,21,1.0,0.0,83,83,1.0,0.0,33,33,1.0,0.0,0,False,
house_3,link6_sensor_2,link6,241,241,1.0,0.2946058091286307,0.0,0.0,0.0,0.0,0.2946058091286307,0.0,0.0,0.0,0.7584344096698207,0.32764345784318094,0.3171645700931549,0.756306529045105,1.136993408203125,0.31501802802085876,0.32764345784318094,0.002054542303085327,0.0,,,6,6,1.0,0.0,15,15,1.0,0.0,50,50,1.0,0.0,33,33,1.0,0.0,21,21,1.0,0.0,83,83,1.0,0.0,33,33,1.0,0.0,0,False,
house_3,link6_sensor_3,link6,241,241,1.0,0.0995850622406639,0.0,0.0,0.0,0.0,0.0995850622406639,0.0,0.0,0.0,0.9627544950400151,0.5225178457268772,0.46033161878585815,0.7165442705154419,1.896354079246521,0.45320624113082886,0.5225178457268772,0.0046981871128082275,0.0,,,6,6,1.0,0.0,15,15,1.0,0.0,50,50,1.0,0.0,33,33,1.0,0.0,21,21,1.0,0.0,83,83,1.0,0.0,33,33,1.0,0.0,0,False,
house_3,link6_sensor_4,link6,241,241,1.0,0.37344398340248963,0.004149377593360996,0.004149377593360996,0.004149377593360996,0.004149377593360996,0.37344398340248963,0.004149377593360996,0.004149377593360996,0.004149377593360996,0.7161591044043605,0.31477049223393616,0.32317012548446655,0.7449722290039062,1.1497763395309448,0.043248288333415985,0.31477049223393616,0.0043058693408966064,0.004149377593360996,,,6,6,1.0,0.0,15,15,1.0,0.0,50,50,1.0,0.0,33,33,1.0,0.030303030303030304,21,21,1.0,0.0,83,83,1.0,0.0,33,33,1.0,0.0,0,False,
house_3,link6_sensor_5,link6,241,241,1.0,0.2946058091286307,0.0,0.0,0.0,0.0,0.2946058091286307,0.0,0.0,0.0,0.5871877740774907,0.19598925684728044,0.3158074617385864,0.6023343205451965,0.8615870475769043,0.3147418797016144,0.19598925684728044,0.0026728659868240356,0.0,,,6,6,1.0,0.0,15,15,1.0,0.0,50,50,1.0,0.0,33,33,1.0,0.0,21,21,1.0,0.0,83,83,1.0,0.0,33,33,1.0,0.0,0,False,
house_3,link6_sensor_6,link6,241,241,1.0,0.12448132780082988,0.0,0.0,0.0,0.0,0.12448132780082988,0.0,0.0,0.0,0.797337745235174,0.17527056556275208,0.45900145173072815,0.8071796894073486,1.0417189598083496,0.43524491786956787,0.17527056556275208,0.0046648383140563965,0.0,,,6,6,1.0,0.0,15,15,1.0,0.0,50,50,1.0,0.0,33,33,1.0,0.0,21,21,1.0,0.0,83,83,1.0,0.0,33,33,1.0,0.0,0,False,
house_3,link6_sensor_7,link6,241,241,1.0,0.0,0.0,0.0,0.0,0.0,0.0,0.0,0.0,0.0,1.2282474305619837,0.5916536463259958,0.6611528992652893,0.8512464165687561,2.0377511978149414,0.6336711049079895,0.5916536463259958,0.001728147268295288,0.0,,,6,6,1.0,0.0,15,15,1.0,0.0,50,50,1.0,0.0,33,33,1.0,0.0,21,21,1.0,0.0,83,83,1.0,0.0,33,33,1.0,0.0,0,False,
house_9,link2_sensor_0,link2,286,285,0.9965034965034965,0.256140350877193,0.0,0.0,0.0,0.0,0.25874125874125875,0.0034965034965034965,0.0034965034965034965,0.0034965034965034965,1.3765849211759735,0.7830452237837371,0.2861402928829193,1.5131971836090088,2.5762040138244635,0.286140114068985,0.7830452237837371,0.0058563947677612305,0.0,,,6,5,0.8333333333333334,0.0,56,56,1.0,0.0,60,60,1.0,0.0,27,27,1.0,0.0,21,21,1.0,0.0,83,83,1.0,0.0,33,33,1.0,0.0,0,False,
house_9,link2_sensor_1,link2,286,285,0.9965034965034965,0.2807017543859649,0.0,0.0,0.0,0.0,0.28321678321678323,0.0034965034965034965,0.0034965034965034965,0.0034965034965034965,0.7620282254720989,0.25133310472633996,0.3668899297714233,0.8779891729354858,1.0456063747406006,0.3618122339248657,0.25133310472633996,0.00202864408493042,0.0,,,6,5,0.8333333333333334,0.0,56,56,1.0,0.0,60,60,1.0,0.0,27,27,1.0,0.0,21,21,1.0,0.0,83,83,1.0,0.0,33,33,1.0,0.0,0,False,
house_9,link2_sensor_2,link2,286,285,0.9965034965034965,0.0,0.0,0.0,0.0,0.0,0.0034965034965034965,0.0034965034965034965,0.0034965034965034965,0.0034965034965034965,1.4367658456166585,0.4659016492418017,0.8344548940658569,1.44898521900177,2.24460210800171,0.8344537615776062,0.4659016492418017,0.01163393259048462,0.0,,,6,5,0.8333333333333334,0.0,56,56,1.0,0.0,60,60,1.0,0.0,27,27,1.0,0.0,21,21,1.0,0.0,83,83,1.0,0.0,33,33,1.0,0.0,0,False,
house_9,link2_sensor_3,link2,286,285,0.9965034965034965,0.5368421052631579,0.0,0.0,0.0,0.0,0.5384615384615384,0.0034965034965034965,0.0034965034965034965,0.0034965034965034965,0.5924058601521609,0.2822316953651472,0.26887049078941344,0.46873605251312256,0.9630861282348633,0.2683069407939911,0.2822316953651472,0.0011026263236999512,0.0,,,6,5,0.8333333333333334,0.0,56,56,1.0,0.0,60,60,1.0,0.0,27,27,1.0,0.0,21,21,1.0,0.0,83,83,1.0,0.0,33,33,1.0,0.0,0,False,
house_9,link2_sensor_4,link2,286,285,0.9965034965034965,0.0,0.0,0.0,0.0,0.0,0.0034965034965034965,0.0034965034965034965,0.0034965034965034965,0.0034965034965034965,1.0129601811107836,0.08009599742315811,0.9202377676963807,0.9878795146942139,1.1536448001861572,0.8863688707351685,0.08009599742315811,0.001079857349395752,0.0,,,6,5,0.8333333333333334,0.0,56,56,1.0,0.0,60,60,1.0,0.0,27,27,1.0,0.0,21,21,1.0,0.0,83,83,1.0,0.0,33,33,1.0,0.0,0,False,
house_9,link2_sensor_5,link2,286,285,0.9965034965034965,0.0,0.0,0.0,0.0,0.0,0.0034965034965034965,0.0034965034965034965,0.0034965034965034965,0.0034965034965034965,1.039251502564079,0.14198417818294365,0.8401517868041992,0.9938356280326843,1.2802008390426636,0.8329997658729553,0.14198417818294365,0.002247422933578491,0.0,,,6,5,0.8333333333333334,0.0,56,56,1.0,0.0,60,60,1.0,0.0,27,27,1.0,0.0,21,21,1.0,0.0,83,83,1.0,0.0,33,33,1.0,0.0,0,False,
house_9,link2_sensor_6,link2,286,285,0.9965034965034965,1.0,0.0,0.0,0.0,0.0,1.0,0.0034965034965034965,0.0034965034965034965,0.0034965034965034965,0.2970510068692659,0.031874423764791646,0.254296737909317,0.29654526710510254,0.3462648868560791,0.25290757417678833,0.031874423764791646,0.0007763952016830444,0.0,,,6,5,0.8333333333333334,0.0,56,56,1.0,0.0,60,60,1.0,0.0,27,27,1.0,0.0,21,21,1.0,0.0,83,83,1.0,0.0,33,33,1.0,0.0,0,False,
house_9,link3_sensor_0,link3,286,285,0.9965034965034965,0.0,0.0,0.0,0.0,0.0,0.0034965034965034965,0.0034965034965034965,0.0034965034965034965,0.0034965034965034965,1.0348563997369065,0.08533130869194913,0.8782466292381287,1.0579551458358765,1.1312264204025269,0.8695602416992188,0.08533130869194913,0.001185089349746704,0.0,,,6,5,0.8333333333333334,0.0,56,56,1.0,0.0,60,60,1.0,0.0,27,27,1.0,0.0,21,21,1.0,0.0,83,83,1.0,0.0,33,33,1.0,0.0,0,False,
house_9,link3_sensor_1,link3,286,285,0.9965034965034965,0.0,0.0,0.0,0.0,0.0,0.0034965034965034965,0.0034965034965034965,0.0034965034965034965,0.0034965034965034965,0.9322273963376095,0.06786097664698491,0.8257804751396179,0.9178111553192139,1.0402941703796387,0.7636195421218872,0.06786097664698491,0.0013522803783416748,0.0,,,6,5,0.8333333333333334,0.0,56,56,1.0,0.0,60,60,1.0,0.0,27,27,1.0,0.0,21,21,1.0,0.0,83,83,1.0,0.0,33,33,1.0,0.0,0,False,
house_9,link3_sensor_2,link3,286,285,0.9965034965034965,0.0,0.0,0.0,0.0,0.0,0.0034965034965034965,0.0034965034965034965,0.0034965034965034965,0.0034965034965034965,1.6855589741154722,0.4351139971347571,0.9834707975387573,1.73799467086792,2.2169350147247315,0.9834688305854797,0.4351139971347571,0.006035029888153076,0.0,,,6,5,0.8333333333333334,0.0,56,56,1.0,0.0,60,60,1.0,0.0,27,27,1.0,0.0,21,21,1.0,0.0,83,83,1.0,0.0,33,33,1.0,0.0,0,False,
house_9,link3_sensor_3,link3,286,285,0.9965034965034965,0.0,0.0,0.0,0.0,0.0,0.0034965034965034965,0.0034965034965034965,0.0034965034965034965,0.0034965034965034965,0.9047207522810551,0.18350326574718503,0.5868160605430603,0.8992276191711426,1.17735755443573,0.5858611464500427,0.18350326574718503,0.0020990073680877686,0.0,,,6,5,0.8333333333333334,0.0,56,56,1.0,0.0,60,60,1.0,0.0,27,27,1.0,0.0,21,21,1.0,0.0,83,83,1.0,0.0,33,33,1.0,0.0,0,False,
house_9,link3_sensor_4,link3,286,285,0.9965034965034965,0.0,0.0,0.0,0.0,0.0,0.0034965034965034965,0.0034965034965034965,0.0034965034965034965,0.0034965034965034965,1.0813554906008536,0.18260872158476463,0.7737143039703369,1.0874747037887573,1.3201979398727417,0.7707403302192688,0.18260872158476463,0.002613067626953125,0.0,,,6,5,0.8333333333333334,0.0,56,56,1.0,0.0,60,60,1.0,0.0,27,27,1.0,0.0,21,21,1.0,0.0,83,83,1.0,0.0,33,33,1.0,0.0,0,False,
house_9,link3_sensor_5,link3,286,285,0.9965034965034965,0.0,0.0,0.0,0.0,0.0,0.0034965034965034965,0.0034965034965034965,0.0034965034965034965,0.0034965034965034965,1.2118935865268372,0.12002380630609573,1.0526138544082642,1.1859334707260132,1.4142757892608642,1.0423232316970825,0.12002380630609573,0.0022830963134765625,0.0,,,6,5,0.8333333333333334,0.0,56,56,1.0,0.0,60,60,1.0,0.0,27,27,1.0,0.0,21,21,1.0,0.0,83,83,1.0,0.0,33,33,1.0,0.0,0,False,
house_9,link3_sensor_6,link3,286,285,0.9965034965034965,0.0,0.0,0.0,0.0,0.0,0.0034965034965034965,0.0034965034965034965,0.0034965034965034965,0.0034965034965034965,1.8306972169039541,0.6453970046255649,0.9179534316062927,1.8243836164474487,2.9167009353637696,0.917951762676239,0.6453970046255649,0.013960480690002441,0.0,,,6,5,0.8333333333333334,0.0,56,56,1.0,0.0,60,60,1.0,0.0,27,27,1.0,0.0,21,21,1.0,0.0,83,83,1.0,0.0,33,33,1.0,0.0,0,False,
house_9,link3_sensor_7,link3,286,285,0.9965034965034965,0.6736842105263158,0.0,0.0,0.0,0.0,0.6748251748251748,0.0034965034965034965,0.0034965034965034965,0.0034965034965034965,0.3933081965697439,0.13161827307137713,0.2133792072534561,0.470716655254364,0.5489073634147644,0.20999136567115784,0.13161827307137713,0.0003993809223175049,0.0,,,6,5,0.8333333333333334,0.0,56,56,1.0,0.0,60,60,1.0,0.0,27,27,1.0,0.0,21,21,1.0,0.0,83,83,1.0,0.0,33,33,1.0,0.0,0,False,
house_9,link5_sensor_0,link5,286,285,0.9965034965034965,0.0,0.0,0.0,0.0,0.0,0.0034965034965034965,0.0034965034965034965,0.0034965034965034965,0.0034965034965034965,0.920792680037649,0.1009209909377704,0.802098274230957,0.8803699016571045,1.0866607189178468,0.7853707075119019,0.1009209909377704,0.002372831106185913,0.0,,,6,5,0.8333333333333334,0.0,56,56,1.0,0.0,60,60,1.0,0.0,27,27,1.0,0.0,21,21,1.0,0.0,83,83,1.0,0.0,33,33,1.0,0.0,0,False,
house_9,link5_sensor_1,link5,286,285,0.9965034965034965,0.0,0.0,0.0,0.0,0.0,0.0034965034965034965,0.0034965034965034965,0.0034965034965034965,0.0034965034965034965,0.8322383809507938,0.11742239016023977,0.6785675764083863,0.8022565245628357,1.0289368629455566,0.6769922971725464,0.11742239016023977,0.0018553733825683594,0.0,,,6,5,0.8333333333333334,0.0,56,56,1.0,0.0,60,60,1.0,0.0,27,27,1.0,0.0,21,21,1.0,0.0,83,83,1.0,0.0,33,33,1.0,0.0,0,False,
house_9,link5_sensor_2,link5,286,285,0.9965034965034965,0.0,0.0,0.0,0.0,0.0,0.0034965034965034965,0.0034965034965034965,0.0034965034965034965,0.0034965034965034965,0.8473625498905516,0.10510365846943727,0.705508005619049,0.8420109748840332,1.0085053443908691,0.7038848400115967,0.10510365846943727,0.00133436918258667,0.0,,,6,5,0.8333333333333334,0.0,56,56,1.0,0.0,60,60,1.0,0.0,27,27,1.0,0.0,21,21,1.0,0.0,83,83,1.0,0.0,33,33,1.0,0.0,0,False,
house_9,link5_sensor_3,link5,286,285,0.9965034965034965,0.34385964912280703,0.0,0.0,0.0,0.0,0.34615384615384615,0.0034965034965034965,0.0034965034965034965,0.0034965034965034965,0.5922656719099011,0.2017101335769598,0.3001661717891693,0.600017249584198,0.863942563533783,0.2993046045303345,0.2017101335769598,0.002018377184867859,0.0,,,6,5,0.8333333333333334,0.0,56,56,1.0,0.0,60,60,1.0,0.0,27,27,1.0,0.0,21,21,1.0,0.0,83,83,1.0,0.0,33,33,1.0,0.0,0,False,
house_9,link5_sensor_4,link5,286,285,0.9965034965034965,0.0,0.0,0.0,0.0,0.0,0.0034965034965034965,0.0034965034965034965,0.0034965034965034965,0.0034965034965034965,0.7549087896681669,0.11429884085142389,0.5726020216941834,0.7651681900024414,0.9078310132026672,0.561861515045166,0.11429884085142389,0.00155562162399292,0.0,,,6,5,0.8333333333333334,0.0,56,56,1.0,0.0,60,60,1.0,0.0,27,27,1.0,0.0,21,21,1.0,0.0,83,83,1.0,0.0,33,33,1.0,0.0,0,False,
house_9,link5_sensor_5,link5,286,285,0.9965034965034965,0.0,0.0,0.0,0.0,0.0,0.0034965034965034965,0.0034965034965034965,0.0034965034965034965,0.0034965034965034965,0.7968467831611633,0.1150931873222292,0.6399050116539001,0.7828913331031799,0.9774027466773987,0.6090962886810303,0.1150931873222292,0.0018823742866516113,0.0,,,6,5,0.8333333333333334,0.0,56,56,1.0,0.0,60,60,1.0,0.0,27,27,1.0,0.0,21,21,1.0,0.0,83,83,1.0,0.0,33,33,1.0,0.0,0,False,
house_9,link6_sensor_0,link6,286,285,0.9965034965034965,0.1543859649122807,0.0,0.0,0.0,0.0,0.15734265734265734,0.0034965034965034965,0.0034965034965034965,0.0034965034965034965,0.9433289824870594,0.35438004600271095,0.3362989783287048,0.920014500617981,1.3498515129089357,0.33247125148773193,0.35438004600271095,0.0063512325286865234,0.0,,,6,5,0.8333333333333334,0.0,56,56,1.0,0.0,60,60,1.0,0.0,27,27,1.0,0.0,21,21,1.0,0.0,83,83,1.0,0.0,33,33,1.0,0.0,0,False,
house_9,link6_sensor_1,link6,286,285,0.9965034965034965,0.0,0.0,0.0,0.0,0.0,0.0034965034965034965,0.0034965034965034965,0.0034965034965034965,0.0034965034965034965,1.152976547626027,0.25844445964710033,0.6334903836250305,1.2140846252441406,1.4347180128097534,0.6197466850280762,0.25844445964710033,0.0032741427421569824,0.0,,,6,5,0.8333333333333334,0.0,56,56,1.0,0.0,60,60,1.0,0.0,27,27,1.0,0.0,21,21,1.0,0.0,83,83,1.0,0.0,33,33,1.0,0.0,0,False,
house_9,link6_sensor_2,link6,286,285,0.9965034965034965,0.0,0.0,0.0,0.0,0.0,0.0034965034965034965,0.0034965034965034965,0.0034965034965034965,0.0034965034965034965,1.0246332061918157,0.25775110076484264,0.5973234534263611,1.1326220035552979,1.3247358560562135,0.5825964212417603,0.25775110076484264,0.002233654260635376,0.0,,,6,5,0.8333333333333334,0.0,56,56,1.0,0.0,60,60,1.0,0.0,27,27,1.0,0.0,21,21,1.0,0.0,83,83,1.0,0.0,33,33,1.0,0.0,0,False,
house_9,link6_sensor_3,link6,286,285,0.9965034965034965,0.22456140350877193,0.0,0.0,0.0,0.0,0.22727272727272727,0.0034965034965034965,0.0034965034965034965,0.0034965034965034965,0.71540493013566,0.17598845675938157,0.3914967834949493,0.7947708964347839,0.8960680842399598,0.3816518485546112,0.17598845675938157,0.002572670578956604,0.0,,,6,5,0.8333333333333334,0.0,56,56,1.0,0.0,60,60,1.0,0.0,27,27,1.0,0.0,21,21,1.0,0.0,83,83,1.0,0.0,33,33,1.0,0.0,0,False,
house_9,link6_sensor_4,link6,286,285,0.9965034965034965,0.21754385964912282,0.0,0.0,0.0,0.0,0.2202797202797203,0.0034965034965034965,0.0034965034965034965,0.0034965034965034965,0.7790330339942062,0.20845660178151068,0.47834176421165464,0.833608090877533,1.088844633102417,0.4776429831981659,0.20845660178151068,0.003230065107345581,0.0,,,6,5,0.8333333333333334,0.0,56,56,1.0,0.0,60,60,1.0,0.0,27,27,1.0,0.0,21,21,1.0,0.0,83,83,1.0,0.0,33,33,1.0,0.0,0,False,
house_9,link6_sensor_5,link6,286,285,0.9965034965034965,0.12982456140350876,0.0,0.0,0.0,0.0,0.13286713286713286,0.0034965034965034965,0.0034965034965034965,0.0034965034965034965,0.8995261557269515,0.24678232255202517,0.4261038422584534,1.0358997583389282,1.1256474733352662,0.4208810031414032,0.24678232255202517,0.0028420090675354004,0.0,,,6,5,0.8333333333333334,0.0,56,56,1.0,0.0,60,60,1.0,0.0,27,27,1.0,0.0,21,21,1.0,0.0,83,83,1.0,0.0,33,33,1.0,0.0,0,False,
house_9,link6_sensor_6,link6,286,285,0.9965034965034965,0.0,0.0,0.0,0.0,0.0,0.0034965034965034965,0.0034965034965034965,0.0034965034965034965,0.0034965034965034965,1.0546339578795851,0.32984125763585564,0.5340630173683166,1.0600119829177856,1.4774357080459595,0.5256354808807373,0.32984125763585564,0.0054534077644348145,0.0,,,6,5,0.8333333333333334,0.0,56,56,1.0,0.0,60,60,1.0,0.0,27,27,1.0,0.0,21,21,1.0,0.0,83,83,1.0,0.0,33,33,1.0,0.0,0,False,
house_9,link6_sensor_7,link6,286,285,0.9965034965034965,0.0,0.0,0.0,0.0,0.0,0.0034965034965034965,0.0034965034965034965,0.0034965034965034965,0.0034965034965034965,0.7615045503566139,0.1432380347126652,0.545341157913208,0.8157646059989929,0.9343753457069397,0.5446088910102844,0.1432380347126652,0.002241671085357666,0.0,,,6,5,0.8333333333333334,0.0,56,56,1.0,0.0,60,60,1.0,0.0,27,27,1.0,0.0,21,21,1.0,0.0,83,83,1.0,0.0,33,33,1.0,0.0,0,False,
house_11,link2_sensor_0,link2,301,301,1.0,0.15282392026578073,0.0,0.0,0.0,0.0,0.15282392026578073,0.0,0.0,0.0,1.1115204667134142,0.3775722319458618,0.28661826252937317,1.2311577796936035,1.482675313949585,0.2704195976257324,0.3775722319458618,0.004027828574180603,0.0,,,8,8,1.0,0.0,31,31,1.0,0.0,131,131,1.0,0.0,19,19,1.0,0.0,26,26,1.0,0.0,83,83,1.0,0.0,3,3,1.0,0.0,0,False,
house_11,link2_sensor_1,link2,301,301,1.0,0.04318936877076412,0.0,0.0,0.0,0.0,0.04318936877076412,0.0,0.0,0.0,2.3409884612623637,1.1547211357325513,0.60519939661026,3.1561076641082764,3.2430384159088135,0.21331652998924255,1.1547211357325513,0.002286195755004883,0.0,,,8,8,1.0,0.0,31,31,1.0,0.0,131,131,1.0,0.0,19,19,1.0,0.0,26,26,1.0,0.0,83,83,1.0,0.0,3,3,1.0,0.0,0,False,
house_11,link2_sensor_2,link2,301,301,1.0,0.0,0.0,0.0,0.0,0.0,0.0,0.0,0.0,0.0,1.4381711772113939,0.18069448913215597,1.0000927448272705,1.5273675918579102,1.571183204650879,0.9909456968307495,0.18069448913215597,0.002498328685760498,0.0,,,8,8,1.0,0.0,31,31,1.0,0.0,131,131,1.0,0.0,19,19,1.0,0.0,26,26,1.0,0.0,83,83,1.0,0.0,3,3,1.0,0.0,0,False,
house_11,link2_sensor_3,link2,301,301,1.0,0.654485049833887,0.5980066445182725,0.0,0.0,0.0,0.654485049833887,0.5980066445182725,0.0,0.0,1.0996075527513542,1.4173756512551816,0.1502615362405777,0.16277211904525757,3.7815542221069336,0.13929718732833862,1.4173756512551816,0.0007878616452217102,0.5980066445182725,,,8,8,1.0,0.625,31,31,1.0,0.0,131,131,1.0,0.6793893129770993,19,19,1.0,0.5789473684210527,26,26,1.0,1.0,83,83,1.0,0.5903614457831325,3,3,1.0,0.0,4,True,activation_spread_across_many_phases
house_11,link2_sensor_4,link2,301,301,1.0,0.0,0.0,0.0,0.0,0.0,0.0,0.0,0.0,0.0,2.7496321240928876,0.08721329463083762,2.728179693222046,2.7497780323028564,2.7953567504882812,1.2792820930480957,0.08721329463083762,0.00034809112548828125,0.0,,,8,8,1.0,0.0,31,31,1.0,0.0,131,131,1.0,0.0,19,19,1.0,0.0,26,26,1.0,0.0,83,83,1.0,0.0,3,3,1.0,0.0,0,False,
house_11,link2_sensor_5,link2,301,301,1.0,0.0,0.0,0.0,0.0,0.0,0.0,0.0,0.0,0.0,2.828268652738527,0.10979400630235647,2.7034871578216553,2.840177536010742,2.9322097301483154,1.290955901145935,0.10979400630235647,0.0011599063873291016,0.0,,,8,8,1.0,0.0,31,31,1.0,0.0,131,131,1.0,0.0,19,19,1.0,0.0,26,26,1.0,0.0,83,83,1.0,0.0,3,3,1.0,0.0,0,False,
house_11,link2_sensor_6,link2,301,301,1.0,0.9966777408637874,0.2691029900332226,0.0,0.0,0.0,0.9966777408637874,0.2691029900332226,0.0,0.0,0.2235897350746928,0.04650653094974172,0.13297139108181,0.2367764264345169,0.2765304446220398,0.12969520688056946,0.04650653094974172,0.0012134239077568054,0.2691029900332226,,,8,8,1.0,0.0,31,31,1.0,0.8387096774193549,131,131,1.0,0.0916030534351145,19,19,1.0,0.2631578947368421,26,26,1.0,0.0,83,83,1.0,0.42168674698795183,3,3,1.0,1.0,3,False,
house_11,link3_sensor_0,link3,301,301,1.0,0.0,0.0,0.0,0.0,0.0,0.0,0.0,0.0,0.0,2.49563082270448,0.4327916075468047,1.8357009887695312,2.732875108718872,2.917070150375366,1.3485738039016724,0.4327916075468047,0.004006624221801758,0.0,,,8,8,1.0,0.0,31,31,1.0,0.0,131,131,1.0,0.0,19,19,1.0,0.0,26,26,1.0,0.0,83,83,1.0,0.0,3,3,1.0,0.0,0,False,
house_11,link3_sensor_1,link3,301,301,1.0,0.0,0.0,0.0,0.0,0.0,0.0,0.0,0.0,0.0,1.9278073275208076,0.1357591830632347,1.8023786544799805,1.883551001548767,2.278837203979492,1.4918560981750488,0.1357591830632347,0.00447314977645874,0.0,,,8,8,1.0,0.0,31,31,1.0,0.0,131,131,1.0,0.0,19,19,1.0,0.0,26,26,1.0,0.0,83,83,1.0,0.0,3,3,1.0,0.0,0,False,
house_11,link3_sensor_2,link3,301,301,1.0,0.0033222591362126247,0.0,0.0,0.0,0.0,0.0033222591362126247,0.0,0.0,0.0,1.6273298008101327,0.5869477256523206,0.654701828956604,1.972464680671692,2.1700000762939453,0.4073866605758667,0.5869477256523206,0.0076351165771484375,0.0,,,8,8,1.0,0.0,31,31,1.0,0.0,131,131,1.0,0.0,19,19,1.0,0.0,26,26,1.0,0.0,83,83,1.0,0.0,3,3,1.0,0.0,0,False,
house_11,link3_sensor_3,link3,301,301,1.0,0.0,0.0,0.0,0.0,0.0,0.0,0.0,0.0,0.0,2.720850047082996,0.08547696502359169,2.685783863067627,2.7013773918151855,2.8721764087677,1.62233567237854,0.08547696502359169,0.0003427267074584961,0.0,,,8,8,1.0,0.0,31,31,1.0,0.0,131,131,1.0,0.0,19,19,1.0,0.0,26,26,1.0,0.0,83,83,1.0,0.0,3,3,1.0,0.0,0,False,
house_11,link3_sensor_4,link3,301,301,1.0,0.0,0.0,0.0,0.0,0.0,0.0,0.0,0.0,0.0,2.37250662364833,0.4623432854880407,1.4397562742233276,2.5700268745422363,2.7599449157714844,1.1573129892349243,0.4623432854880407,0.0018440485000610352,0.0,,,8,8,1.0,0.0,31,31,1.0,0.0,131,131,1.0,0.0,19,19,1.0,0.0,26,26,1.0,0.0,83,83,1.0,0.0,3,3,1.0,0.0,0,False,
house_11,link3_sensor_5,link3,301,301,1.0,0.0,0.0,0.0,0.0,0.0,0.0,0.0,0.0,0.0,1.4395649916309852,0.13586099921071526,1.22107994556427,1.4600251913070679,1.6472619771957397,1.2057973146438599,0.13586099921071526,0.004081904888153076,0.0,,,8,8,1.0,0.0,31,31,1.0,0.0,131,131,1.0,0.0,19,19,1.0,0.0,26,26,1.0,0.0,83,83,1.0,0.0,3,3,1.0,0.0,0,False,
house_11,link3_sensor_6,link3,301,301,1.0,0.0,0.0,0.0,0.0,0.0,0.0,0.0,0.0,0.0,1.6342453105109078,0.2524462347570761,1.0910072326660156,1.6648705005645752,1.98448646068573,1.0828696489334106,0.2524462347570761,0.0025573372840881348,0.0,,,8,8,1.0,0.0,31,31,1.0,0.0,131,131,1.0,0.0,19,19,1.0,0.0,26,26,1.0,0.0,83,83,1.0,0.0,3,3,1.0,0.0,0,False,
house_11,link3_sensor_7,link3,301,301,1.0,0.8172757475083057,0.0,0.0,0.0,0.0,0.8172757475083057,0.0,0.0,0.0,0.3588875802450402,0.08744352489417112,0.21443146467208862,0.34202131628990173,0.5154727697372437,0.2130645215511322,0.08744352489417112,0.0006080418825149536,0.0,,,8,8,1.0,0.0,31,31,1.0,0.0,131,131,1.0,0.0,19,19,1.0,0.0,26,26,1.0,0.0,83,83,1.0,0.0,3,3,1.0,0.0,0,False,
house_11,link5_sensor_0,link5,301,301,1.0,0.0,0.0,0.0,0.0,0.0,0.0,0.0,0.0,0.0,2.7601873783574153,0.1895654688477183,2.6786611080169678,2.764141798019409,3.0045530796051025,1.5054728984832764,0.1895654688477183,0.0008437633514404297,0.0,,,8,8,1.0,0.0,31,31,1.0,0.0,131,131,1.0,0.0,19,19,1.0,0.0,26,26,1.0,0.0,83,83,1.0,0.0,3,3,1.0,0.0,0,False,
house_11,link5_sensor_1,link5,301,301,1.0,0.0,0.0,0.0,0.0,0.0,0.0,0.0,0.0,0.0,2.751920604626602,0.11739867577695862,2.6889359951019287,2.7243804931640625,3.0259006023406982,1.6052006483078003,0.11739867577695862,0.0008180141448974609,0.0,,,8,8,1.0,0.0,31,31,1.0,0.0,131,131,1.0,0.0,19,19,1.0,0.0,26,26,1.0,0.0,83,83,1.0,0.0,3,3,1.0,0.0,0,False,
house_11,link5_sensor_2,link5,301,301,1.0,0.0,0.0,0.0,0.0,0.0,0.0,0.0,0.0,0.0,2.7394765896654603,0.07637633947761213,2.663662910461426,2.7250423431396484,2.8439207077026367,1.8211195468902588,0.07637633947761213,0.0006955862045288086,0.0,,,8,8,1.0,0.0,31,31,1.0,0.0,131,131,1.0,0.0,19,19,1.0,0.0,26,26,1.0,0.0,83,83,1.0,0.0,3,3,1.0,0.0,0,False,
house_11,link5_sensor_3,link5,301,301,1.0,0.08970099667774087,0.0,0.0,0.0,0.0,0.08970099667774087,0.0,0.0,0.0,1.5693155802365553,0.8380439386908006,0.39280444383621216,1.2246475219726562,3.0599002838134766,0.38228854537010193,0.8380439386908006,0.010296106338500977,0.0,,,8,8,1.0,0.0,31,31,1.0,0.0,131,131,1.0,0.0,19,19,1.0,0.0,26,26,1.0,0.0,83,83,1.0,0.0,3,3,1.0,0.0,0,False,
house_11,link5_sensor_4,link5,301,301,1.0,0.0,0.0,0.0,0.0,0.0,0.0,0.0,0.0,0.0,1.6531661245910036,0.135690531069575,1.4612407684326172,1.6236679553985596,2.0015218257904053,1.4119796752929688,0.135690531069575,0.0029102563858032227,0.0,,,8,8,1.0,0.0,31,31,1.0,0.0,131,131,1.0,0.0,19,19,1.0,0.0,26,26,1.0,0.0,83,83,1.0,0.0,3,3,1.0,0.0,0,False,
house_11,link5_sensor_5,link5,301,301,1.0,0.0,0.0,0.0,0.0,0.0,0.0,0.0,0.0,0.0,2.782598784199585,0.09928174997907302,2.6829848289489746,2.7805087566375732,2.9296514987945557,1.6952184438705444,0.09928174997907302,0.0011608600616455078,0.0,,,8,8,1.0,0.0,31,31,1.0,0.0,131,131,1.0,0.0,19,19,1.0,0.0,26,26,1.0,0.0,83,83,1.0,0.0,3,3,1.0,0.0,0,False,
house_11,link6_sensor_0,link6,301,301,1.0,0.6644518272425249,0.059800664451827246,0.0,0.0,0.0,0.6644518272425249,0.059800664451827246,0.0,0.0,0.42376217458929333,0.13386915548826722,0.19455364346504211,0.37750914692878723,0.6315178871154785,0.13887614011764526,0.13386915548826722,0.0023368746042251587,0.059800664451827246,,,8,8,1.0,0.75,31,31,1.0,0.0,131,131,1.0,0.0,19,19,1.0,0.0,26,26,1.0,0.3076923076923077,83,83,1.0,0.04819277108433735,3,3,1.0,0.0,1,False,
house_11,link6_sensor_1,link6,301,301,1.0,0.47840531561461797,0.0033222591362126247,0.0,0.0,0.0,0.47840531561461797,0.0033222591362126247,0.0,0.0,0.4770083633372158,0.18555627444811726,0.2601810395717621,0.509894847869873,0.8027026057243347,0.13595402240753174,0.18555627444811726,0.003400862216949463,0.0033222591362126247,,,8,8,1.0,0.125,31,31,1.0,0.0,131,131,1.0,0.0,19,19,1.0,0.0,26,26,1.0,0.0,83,83,1.0,0.0,3,3,1.0,0.0,0,False,
house_11,link6_sensor_2,link6,301,301,1.0,0.5415282392026578,0.0033222591362126247,0.0,0.0,0.0,0.5415282392026578,0.0033222591362126247,0.0,0.0,0.4862066704866498,0.23414064280321747,0.25638118386268616,0.4431118667125702,0.953295111656189,0.13241760432720184,0.23414064280321747,0.002736493945121765,0.0033222591362126247,,,8,8,1.0,0.125,31,31,1.0,0.0,131,131,1.0,0.0,19,19,1.0,0.0,26,26,1.0,0.0,83,83,1.0,0.0,3,3,1.0,0.0,0,False,
house_11,link6_sensor_3,link6,301,301,1.0,0.43521594684385384,0.0,0.0,0.0,0.0,0.43521594684385384,0.0,0.0,0.0,0.5872805103709136,0.2460819586594974,0.2811037003993988,0.5932930707931519,1.049006462097168,0.2774862051010132,0.2460819586594974,0.008782222867012024,0.0,,,8,8,1.0,0.0,31,31,1.0,0.0,131,131,1.0,0.0,19,19,1.0,0.0,26,26,1.0,0.0,83,83,1.0,0.0,3,3,1.0,0.0,0,False,
house_11,link6_sensor_4,link6,301,301,1.0,0.5116279069767442,0.0033222591362126247,0.0,0.0,0.0,0.5116279069767442,0.0033222591362126247,0.0,0.0,0.5226099719834882,0.2658638772534725,0.25523433089256287,0.4870506227016449,1.2148240804672241,0.16967430710792542,0.2658638772534725,0.0058149248361587524,0.0033222591362126247,,,8,8,1.0,0.125,31,31,1.0,0.0,131,131,1.0,0.0,19,19,1.0,0.0,26,26,1.0,0.0,83,83,1.0,0.0,3,3,1.0,0.0,0,False,
house_11,link6_sensor_5,link6,301,301,1.0,0.7342192691029901,0.03322259136212625,0.0,0.0,0.0,0.7342192691029901,0.03322259136212625,0.0,0.0,0.42450213382806495,0.2217944948809077,0.20058377087116241,0.3250415325164795,0.8769443035125732,0.12773539125919342,0.2217944948809077,0.00347321480512619,0.03322259136212625,,,8,8,1.0,0.125,31,31,1.0,0.0,131,131,1.0,0.06870229007633588,19,19,1.0,0.0,26,26,1.0,0.0,83,83,1.0,0.0,3,3,1.0,0.0,0,False,
house_11,link6_sensor_6,link6,301,301,1.0,0.6245847176079734,0.0033222591362126247,0.0,0.0,0.0,0.6245847176079734,0.0033222591362126247,0.0,0.0,0.4224453612518469,0.15093786682690724,0.22442381083965302,0.3873283267021179,0.6851097941398621,0.12808765470981598,0.15093786682690724,0.003410845994949341,0.0033222591362126247,,,8,8,1.0,0.125,31,31,1.0,0.0,131,131,1.0,0.0,19,19,1.0,0.0,26,26,1.0,0.0,83,83,1.0,0.0,3,3,1.0,0.0,0,False,
house_11,link6_sensor_7,link6,301,301,1.0,0.0,0.0,0.0,0.0,0.0,0.0,0.0,0.0,0.0,2.8710239076139126,0.1016306168177939,2.7046000957489014,2.9007349014282227,2.979017496109009,2.037363052368164,0.1016306168177939,0.0014646053314208984,0.0,,,8,8,1.0,0.0,31,31,1.0,0.0,131,131,1.0,0.0,19,19,1.0,0.0,26,26,1.0,0.0,83,83,1.0,0.0,3,3,1.0,0.0,0,False,
house_12,link2_sensor_0,link2,245,244,0.9959183673469387,0.3442622950819672,0.0,0.0,0.0,0.0,0.3469387755102041,0.004081632653061225,0.004081632653061225,0.004081632653061225,0.7864993359954631,0.3653785849285345,0.28613853454589844,1.0187301635742188,1.2403104782104493,0.2813280522823334,0.3653785849285345,0.0015424489974975586,0.0,,,6,5,0.8333333333333334,0.0,38,38,1.0,0.0,49,49,1.0,0.0,18,18,1.0,0.0,18,18,1.0,0.0,83,83,1.0,0.0,33,33,1.0,0.0,0,False,
house_12,link2_sensor_1,link2,245,244,0.9959183673469387,0.0,0.0,0.0,0.0,0.0,0.004081632653061225,0.004081632653061225,0.004081632653061225,0.004081632653061225,0.6783473848319445,0.06986312125918573,0.5824923992156983,0.6691125631332397,0.7793454527854919,0.5823885798454285,0.06986312125918573,0.00040775537490844727,0.0,,,6,5,0.8333333333333334,0.0,38,38,1.0,0.0,49,49,1.0,0.0,18,18,1.0,0.0,18,18,1.0,0.0,83,83,1.0,0.0,33,33,1.0,0.0,0,False,
house_12,link2_sensor_2,link2,245,244,0.9959183673469387,0.0,0.0,0.0,0.0,0.0,0.004081632653061225,0.004081632653061225,0.004081632653061225,0.004081632653061225,1.2317474718953743,0.45302165117780463,0.8618907928466797,1.0546514987945557,2.041439604759216,0.8408914804458618,0.45302165117780463,0.002883434295654297,0.0,,,6,5,0.8333333333333334,0.0,38,38,1.0,0.0,49,49,1.0,0.0,18,18,1.0,0.0,18,18,1.0,0.0,83,83,1.0,0.0,33,33,1.0,0.0,0,False,
house_12,link2_sensor_3,link2,245,244,0.9959183673469387,0.0,0.0,0.0,0.0,0.0,0.004081632653061225,0.004081632653061225,0.004081632653061225,0.004081632653061225,0.6388691307091322,0.027989947723189045,0.6156264454126358,0.6221848726272583,0.6862648129463196,0.6118567585945129,0.027989947723189045,0.00032144784927368164,0.0,,,6,5,0.8333333333333334,0.0,38,38,1.0,0.0,49,49,1.0,0.0,18,18,1.0,0.0,18,18,1.0,0.0,83,83,1.0,0.0,33,33,1.0,0.0,0,False,
house_12,link2_sensor_4,link2,245,244,0.9959183673469387,0.0,0.0,0.0,0.0,0.0,0.004081632653061225,0.004081632653061225,0.004081632653061225,0.004081632653061225,0.8920659422874451,0.16752483581242794,0.6488990753889083,0.8721465766429901,1.125096321105957,0.645850419998169,0.16752483581242794,0.0018390417098999023,0.0,,,6,5,0.8333333333333334,0.0,38,38,1.0,0.0,49,49,1.0,0.0,18,18,1.0,0.0,18,18,1.0,0.0,83,83,1.0,0.0,33,33,1.0,0.0,0,False,
house_12,link2_sensor_5,link2,245,244,0.9959183673469387,0.0,0.0,0.0,0.0,0.0,0.004081632653061225,0.004081632653061225,0.004081632653061225,0.004081632653061225,1.0082287636936689,0.2681664640618211,0.6696514517068863,0.931322306394577,1.3872342109680176,0.6670255064964294,0.2681664640618211,0.0027757883071899414,0.0,,,6,5,0.8333333333333334,0.0,38,38,1.0,0.0,49,49,1.0,0.0,18,18,1.0,0.0,18,18,1.0,0.0,83,83,1.0,0.0,33,33,1.0,0.0,0,False,
house_12,link2_sensor_6,link2,245,244,0.9959183673469387,0.6762295081967213,0.0,0.0,0.0,0.0,0.6775510204081633,0.004081632653061225,0.004081632653061225,0.004081632653061225,0.38821527178658816,0.1511914784564376,0.25454094260931015,0.29787102341651917,0.6047640889883041,0.2529069185256958,0.1511914784564376,0.0002468228340148926,0.0,,,6,5,0.8333333333333334,0.0,38,38,1.0,0.0,49,49,1.0,0.0,18,18,1.0,0.0,18,18,1.0,0.0,83,83,1.0,0.0,33,33,1.0,0.0,0,False,
house_12,link3_sensor_0,link3,245,244,0.9959183673469387,0.0,0.0,0.0,0.0,0.0,0.004081632653061225,0.004081632653061225,0.004081632653061225,0.004081632653061225,0.7940832740459286,0.19854526129634284,0.5362832963466644,0.7344568967819214,1.1038168668746948,0.5342593193054199,0.19854526129634284,0.002506732940673828,0.0,,,6,5,0.8333333333333334,0.0,38,38,1.0,0.0,49,49,1.0,0.0,18,18,1.0,0.0,18,18,1.0,0.0,83,83,1.0,0.0,33,33,1.0,0.0,0,False,
house_12,link3_sensor_1,link3,245,244,0.9959183673469387,0.26639344262295084,0.0,0.0,0.0,0.0,0.2693877551020408,0.004081632653061225,0.004081632653061225,0.004081632653061225,0.6304037801799227,0.11229307597543489,0.47171997725963594,0.6398463845252991,0.7767683267593384,0.47156578302383423,0.11229307597543489,0.0007340908050537109,0.0,,,6,5,0.8333333333333334,0.0,38,38,1.0,0.0,49,49,1.0,0.0,18,18,1.0,0.0,18,18,1.0,0.0,83,83,1.0,0.0,33,33,1.0,0.0,0,False,
house_12,link3_sensor_2,link3,245,244,0.9959183673469387,0.0,0.0,0.0,0.0,0.0,0.004081632653061225,0.004081632653061225,0.004081632653061225,0.004081632653061225,1.244953705150573,0.6946667361873718,0.5734791785478592,1.1474494934082031,2.3590032815933224,0.5426817536354065,0.6946667361873718,0.0038137435913085938,0.0,,,6,5,0.8333333333333334,0.0,38,38,1.0,0.0,49,49,1.0,0.0,18,18,1.0,0.0,18,18,1.0,0.0,83,83,1.0,0.0,33,33,1.0,0.0,0,False,
house_12,link3_sensor_3,link3,245,244,0.9959183673469387,0.2581967213114754,0.0,0.0,0.0,0.0,0.2612244897959184,0.004081632653061225,0.004081632653061225,0.004081632653061225,0.6797376957828881,0.22836861666309893,0.35841788202524183,0.6476452350616455,1.0064038038253784,0.35732385516166687,0.22836861666309893,0.002706468105316162,0.0,,,6,5,0.8333333333333334,0.0,38,38,1.0,0.0,49,49,1.0,0.0,18,18,1.0,0.0,18,18,1.0,0.0,83,83,1.0,0.0,33,33,1.0,0.0,0,False,
house_12,link3_sensor_4,link3,245,244,0.9959183673469387,0.20901639344262296,0.0,0.0,0.0,0.0,0.21224489795918366,0.004081632653061225,0.004081632653061225,0.004081632653061225,1.0032400338620435,0.475112652229847,0.47016948014497756,0.8016855120658875,1.7874947786331177,0.4673512578010559,0.475112652229847,0.005549192428588867,0.0,,,6,5,0.8333333333333334,0.0,38,38,1.0,0.0,49,49,1.0,0.0,18,18,1.0,0.0,18,18,1.0,0.0,83,83,1.0,0.0,33,33,1.0,0.0,0,False,
house_12,link3_sensor_5,link3,245,244,0.9959183673469387,0.0,0.0,0.0,0.0,0.0,0.004081632653061225,0.004081632653061225,0.004081632653061225,0.004081632653061225,0.8158095093047033,0.15537073155323883,0.5907246381044388,0.8058995306491852,1.024404764175415,0.5884795188903809,0.15537073155323883,0.0014300942420959473,0.0,,,6,5,0.8333333333333334,0.0,38,38,1.0,0.0,49,49,1.0,0.0,18,18,1.0,0.0,18,18,1.0,0.0,83,83,1.0,0.0,33,33,1.0,0.0,0,False,
house_12,link3_sensor_6,link3,245,244,0.9959183673469387,0.0,0.0,0.0,0.0,0.0,0.004081632653061225,0.004081632653061225,0.004081632653061225,0.004081632653061225,1.1258925372948412,0.21529317898218409,0.9459429383277893,1.1077496409416199,1.4267636775970458,0.9251779317855835,0.21529317898218409,0.0034775733947753906,0.0,,,6,5,0.8333333333333334,0.0,38,38,1.0,0.0,49,49,1.0,0.0,18,18,1.0,0.0,18,18,1.0,0.0,83,83,1.0,0.0,33,33,1.0,0.0,0,False,
house_12,link3_sensor_7,link3,245,244,0.9959183673469387,0.6844262295081968,0.0,0.0,0.0,0.0,0.6857142857142857,0.004081632653061225,0.004081632653061225,0.004081632653061225,0.3976877054474393,0.1411593624791111,0.24809148907661438,0.4611140638589859,0.5703813374042511,0.2480912059545517,0.1411593624791111,0.0001652836799621582,0.0,,,6,5,0.8333333333333334,0.0,38,38,1.0,0.0,49,49,1.0,0.0,18,18,1.0,0.0,18,18,1.0,0.0,83,83,1.0,0.0,33,33,1.0,0.0,0,False,
house_12,link5_sensor_0,link5,245,244,0.9959183673469387,0.29098360655737704,0.0,0.0,0.0,0.0,0.2938775510204082,0.004081632653061225,0.004081632653061225,0.004081632653061225,0.718472852814393,0.28664122986963286,0.371604922413826,0.6148490011692047,1.1687211990356445,0.3701270818710327,0.28664122986963286,0.003626227378845215,0.0,,,6,5,0.8333333333333334,0.0,38,38,1.0,0.0,49,49,1.0,0.0,18,18,1.0,0.0,18,18,1.0,0.0,83,83,1.0,0.0,33,33,1.0,0.0,0,False,
house_12,link5_sensor_1,link5,245,244,0.9959183673469387,0.4262295081967213,0.18442622950819673,0.0,0.0,0.0,0.42857142857142855,0.18775510204081633,0.004081632653061225,0.004081632653061225,0.571098653080522,0.2757083461789134,0.18796560764312745,0.5136092901229858,0.9764510989189148,0.1863718330860138,0.2757083461789134,0.0035455822944641113,0.18442622950819673,,,6,5,0.8333333333333334,0.0,38,38,1.0,0.02631578947368421,49,49,1.0,0.8979591836734694,18,18,1.0,0.0,18,18,1.0,0.0,83,83,1.0,0.0,33,33,1.0,0.0,1,False,
house_12,link5_sensor_2,link5,245,244,0.9959183673469387,0.3155737704918033,0.0,0.0,0.0,0.0,0.3183673469387755,0.004081632653061225,0.004081632653061225,0.004081632653061225,0.5935601716036679,0.22016334817006206,0.2264331966638565,0.5614250600337982,0.9005148410797119,0.2255704402923584,0.22016334817006206,0.0036670565605163574,0.0,,,6,5,0.8333333333333334,0.0,38,38,1.0,0.0,49,49,1.0,0.0,18,18,1.0,0.0,18,18,1.0,0.0,83,83,1.0,0.0,33,33,1.0,0.0,0,False,
house_12,link5_sensor_3,link5,245,244,0.9959183673469387,1.0,0.20491803278688525,0.0,0.0,0.0,1.0,0.20816326530612245,0.004081632653061225,0.004081632653061225,0.3332043185707976,0.11511215493596547,0.15758054107427596,0.3272642195224762,0.4725104868412018,0.15562380850315094,0.11511215493596547,0.0008807182312011719,0.20491803278688525,,,6,5,0.8333333333333334,0.0,38,38,1.0,0.13157894736842105,49,49,1.0,0.9183673469387755,18,18,1.0,0.0,18,18,1.0,0.0,83,83,1.0,0.0,33,33,1.0,0.0,1,False,
house_12,link5_sensor_4,link5,245,244,0.9959183673469387,0.5409836065573771,0.18442622950819673,0.0,0.0,0.0,0.5428571428571428,0.18775510204081633,0.004081632653061225,0.004081632653061225,0.48283066606668174,0.20481618390979775,0.18427213206887244,0.4898868799209595,0.7573524117469788,0.18324239552021027,0.20481618390979775,0.001423180103302002,0.18442622950819673,,,6,5,0.8333333333333334,0.0,38,38,1.0,0.13157894736842105,49,49,1.0,0.8163265306122449,18,18,1.0,0.0,18,18,1.0,0.0,83,83,1.0,0.0,33,33,1.0,0.0,1,False,
house_12,link5_sensor_5,link5,245,244,0.9959183673469387,0.4426229508196721,0.0,0.0,0.0,0.0,0.4448979591836735,0.004081632653061225,0.004081632653061225,0.004081632653061225,0.5358067262368124,0.2269603579550179,0.20562965720891951,0.5062595903873444,0.8541744947433472,0.20467343926429749,0.2269603579550179,0.0032874345779418945,0.0,,,6,5,0.8333333333333334,0.0,38,38,1.0,0.0,49,49,1.0,0.0,18,18,1.0,0.0,18,18,1.0,0.0,83,83,1.0,0.0,33,33,1.0,0.0,0,False,
house_12,link6_sensor_0,link6,245,244,0.9959183673469387,0.6680327868852459,0.1721311475409836,0.0,0.0,0.0,0.6693877551020408,0.17551020408163265,0.004081632653061225,0.004081632653061225,0.4302858992433939,0.21447025058323302,0.1791217230260372,0.382254958152771,0.7215148061513901,0.1784282624721527,0.21447025058323302,0.0025322139263153076,0.1721311475409836,,,6,5,0.8333333333333334,1.0,38,38,1.0,0.0,49,49,1.0,0.0,18,18,1.0,0.0,18,18,1.0,0.9444444444444444,83,83,1.0,0.24096385542168675,33,33,1.0,0.0,2,False,
house_12,link6_sensor_1,link6,245,244,0.9959183673469387,0.0,0.0,0.0,0.0,0.0,0.004081632653061225,0.004081632653061225,0.004081632653061225,0.004081632653061225,0.6267493760488072,0.09165377975153749,0.5413300603628158,0.5902330875396729,0.815247118473053,0.5265482068061829,0.09165377975153749,0.002332329750061035,0.0,,,6,5,0.8333333333333334,0.0,38,38,1.0,0.0,49,49,1.0,0.0,18,18,1.0,0.0,18,18,1.0,0.0,83,83,1.0,0.0,33,33,1.0,0.0,0,False,
house_12,link6_sensor_2,link6,245,244,0.9959183673469387,1.0,0.0,0.0,0.0,0.0,1.0,0.004081632653061225,0.004081632653061225,0.004081632653061225,0.41219690832935396,0.0702735783028172,0.28847227841615675,0.4362814724445343,0.48795715868473055,0.28357717394828796,0.0702735783028172,0.0006662309169769287,0.0,,,6,5,0.8333333333333334,0.0,38,38,1.0,0.0,49,49,1.0,0.0,18,18,1.0,0.0,18,18,1.0,0.0,83,83,1.0,0.0,33,33,1.0,0.0,0,False,
house_12,link6_sensor_3,link6,245,244,0.9959183673469387,1.0,0.20081967213114754,0.0,0.0,0.0,1.0,0.20408163265306123,0.004081632653061225,0.004081632653061225,0.3346370068363479,0.09150843417273409,0.1903299205005169,0.3627762794494629,0.436199426651001,0.18900100886821747,0.09150843417273409,0.0006521940231323242,0.20081967213114754,,,6,5,0.8333333333333334,0.0,38,38,1.0,0.02631578947368421,49,49,1.0,0.9795918367346939,18,18,1.0,0.0,18,18,1.0,0.0,83,83,1.0,0.0,33,33,1.0,0.0,1,False,
house_12,link6_sensor_4,link6,245,244,0.9959183673469387,1.0,0.18032786885245902,0.0,0.0,0.0,1.0,0.1836734693877551,0.004081632653061225,0.004081632653061225,0.34258448149337145,0.09016902199430324,0.1892521597445011,0.35845793783664703,0.4366131126880646,0.18712499737739563,0.09016902199430324,0.0006255507469177246,0.18032786885245902,,,6,5,0.8333333333333334,0.0,38,38,1.0,0.02631578947368421,49,49,1.0,0.8775510204081632,18,18,1.0,0.0,18,18,1.0,0.0,83,83,1.0,0.0,33,33,1.0,0.0,1,False,
house_12,link6_sensor_5,link6,245,244,0.9959183673469387,1.0,0.0,0.0,0.0,0.0,1.0,0.004081632653061225,0.004081632653061225,0.004081632653061225,0.402969697215518,0.0677495783432418,0.28866513073444366,0.4415508061647415,0.48410913050174714,0.28249120712280273,0.0677495783432418,0.0009074807167053223,0.0,,,6,5,0.8333333333333334,0.0,38,38,1.0,0.0,49,49,1.0,0.0,18,18,1.0,0.0,18,18,1.0,0.0,83,83,1.0,0.0,33,33,1.0,0.0,0,False,
house_12,link6_sensor_6,link6,245,244,0.9959183673469387,0.1598360655737705,0.0,0.0,0.0,0.0,0.16326530612244897,0.004081632653061225,0.004081632653061225,0.004081632653061225,0.697342332147184,0.16343220593061336,0.36822743713855743,0.7153165936470032,0.9170152336359024,0.36623433232307434,0.16343220593061336,0.004551589488983154,0.0,,,6,5,0.8333333333333334,0.0,38,38,1.0,0.0,49,49,1.0,0.0,18,18,1.0,0.0,18,18,1.0,0.0,83,83,1.0,0.0,33,33,1.0,0.0,0,False,
house_12,link6_sensor_7,link6,245,244,0.9959183673469387,0.6434426229508197,0.13524590163934427,0.0,0.0,0.0,0.6448979591836734,0.13877551020408163,0.004081632653061225,0.004081632653061225,0.42521618465419675,0.15138861367900766,0.193774326890707,0.3828398287296295,0.6338362693786621,0.19329123198986053,0.15138861367900766,0.0010126829147338867,0.13524590163934427,,,6,5,0.8333333333333334,0.0,38,38,1.0,0.0,49,49,1.0,0.673469387755102,18,18,1.0,0.0,18,18,1.0,0.0,83,83,1.0,0.0,33,33,1.0,0.0,1,False,
house_14,link2_sensor_0,link2,301,301,1.0,0.19933554817275748,0.0,0.0,0.0,0.0,0.19933554817275748,0.0,0.0,0.0,1.618495806903142,0.8554611678013649,0.2861432433128357,1.8242534399032593,2.770059585571289,0.28311532735824585,0.8554611678013649,0.004126206040382385,0.0,,,7,7,1.0,0.0,57,57,1.0,0.0,93,93,1.0,0.0,18,18,1.0,0.0,19,19,1.0,0.0,83,83,1.0,0.0,24,24,1.0,0.0,0,False,
house_14,link2_sensor_1,link2,301,301,1.0,0.10963455149501661,0.0,0.0,0.0,0.0,0.10963455149501661,0.0,0.0,0.0,0.8767594002013983,0.2669110010706803,0.47126007080078125,1.0074752569198608,1.203079342842102,0.4219110608100891,0.2669110010706803,0.0037847161293029785,0.0,,,7,7,1.0,0.0,57,57,1.0,0.0,93,93,1.0,0.0,18,18,1.0,0.0,19,19,1.0,0.0,83,83,1.0,0.0,24,24,1.0,0.0,0,False,
house_14,link2_sensor_2,link2,301,301,1.0,0.0033222591362126247,0.0,0.0,0.0,0.0,0.0033222591362126247,0.0,0.0,0.0,1.8199671045490278,0.6364167844331163,1.0242547988891602,1.825872778892517,3.162996768951416,0.473702609539032,0.6364167844331163,0.011425435543060303,0.0,,,7,7,1.0,0.0,57,57,1.0,0.0,93,93,1.0,0.0,18,18,1.0,0.0,19,19,1.0,0.0,83,83,1.0,0.0,24,24,1.0,0.0,0,False,
house_14,link2_sensor_3,link2,301,301,1.0,0.4950166112956811,0.0,0.0,0.0,0.0,0.4950166112956811,0.0,0.0,0.0,0.5926380119846508,0.30694785468754976,0.26576122641563416,0.5050461292266846,1.0710883140563965,0.2653976380825043,0.30694785468754976,0.0008571892976760864,0.0,,,7,7,1.0,0.0,57,57,1.0,0.0,93,93,1.0,0.0,18,18,1.0,0.0,19,19,1.0,0.0,83,83,1.0,0.0,24,24,1.0,0.0,0,False,
house_14,link2_sensor_4,link2,301,301,1.0,0.0033222591362126247,0.0,0.0,0.0,0.0,0.0033222591362126247,0.0,0.0,0.0,1.2235426296823444,0.23248634030329057,0.7795209288597107,1.241281509399414,1.552918553352356,0.47325319051742554,0.23248634030329057,0.002866119146347046,0.0,,,7,7,1.0,0.0,57,57,1.0,0.0,93,93,1.0,0.0,18,18,1.0,0.0,19,19,1.0,0.0,83,83,1.0,0.0,24,24,1.0,0.0,0,False,
house_14,link2_sensor_5,link2,301,301,1.0,0.0033222591362126247,0.0,0.0,0.0,0.0,0.0033222591362126247,0.0,0.0,0.0,1.3029638745658025,0.36414085687695213,0.7865176796913147,1.2667086124420166,1.9294726848602295,0.452057808637619,0.36414085687695213,0.004838496446609497,0.0,,,7,7,1.0,0.0,57,57,1.0,0.0,93,93,1.0,0.0,18,18,1.0,0.0,19,19,1.0,0.0,83,83,1.0,0.0,24,24,1.0,0.0,0,False,
house_14,link2_sensor_6,link2,301,301,1.0,0.9601328903654485,0.0,0.0,0.0,0.0,0.9601328903654485,0.0,0.0,0.0,0.3487758670138362,0.1303362967781939,0.2530480623245239,0.31327351927757263,0.47763150930404663,0.2529069781303406,0.1303362967781939,0.0011607706546783447,0.0,,,7,7,1.0,0.0,57,57,1.0,0.0,93,93,1.0,0.0,18,18,1.0,0.0,19,19,1.0,0.0,83,83,1.0,0.0,24,24,1.0,0.0,0,False,
house_14,link3_sensor_0,link3,301,301,1.0,0.0033222591362126247,0.0,0.0,0.0,0.0,0.0033222591362126247,0.0,0.0,0.0,1.1618853133184173,0.19436043015618434,0.9617157578468323,1.0847835540771484,1.4882044792175293,0.47855040431022644,0.19436043015618434,0.0026008784770965576,0.0,,,7,7,1.0,0.0,57,57,1.0,0.0,93,93,1.0,0.0,18,18,1.0,0.0,19,19,1.0,0.0,83,83,1.0,0.0,24,24,1.0,0.0,0,False,
house_14,link3_sensor_1,link3,301,301,1.0,0.0033222591362126247,0.0,0.0,0.0,0.0,0.0033222591362126247,0.0,0.0,0.0,1.0885959223061306,0.13659609836903444,0.9102120995521545,1.0974994897842407,1.3390365839004517,0.41346535086631775,0.13659609836903444,0.0035323500633239746,0.0,,,7,7,1.0,0.0,57,57,1.0,0.0,93,93,1.0,0.0,18,18,1.0,0.0,19,19,1.0,0.0,83,83,1.0,0.0,24,24,1.0,0.0,0,False,
house_14,link3_sensor_2,link3,301,301,1.0,0.07308970099667775,0.0,0.0,0.0,0.0,0.07308970099667775,0.0,0.0,0.0,0.8142886002396428,0.27040783245800304,0.4599857032299042,0.7246533632278442,1.2523713111877441,0.4142780303955078,0.27040783245800304,0.005809128284454346,0.0,,,7,7,1.0,0.0,57,57,1.0,0.0,93,93,1.0,0.0,18,18,1.0,0.0,19,19,1.0,0.0,83,83,1.0,0.0,24,24,1.0,0.0,0,False,
house_14,link3_sensor_3,link3,301,301,1.0,0.2823920265780731,0.0,0.0,0.0,0.0,0.2823920265780731,0.0,0.0,0.0,0.8046385550815798,0.36349561844626055,0.37885144352912903,0.689193606376648,1.4374206066131592,0.3068488538265228,0.36349561844626055,0.005037844181060791,0.0,,,7,7,1.0,0.0,57,57,1.0,0.0,93,93,1.0,0.0,18,18,1.0,0.0,19,19,1.0,0.0,83,83,1.0,0.0,24,24,1.0,0.0,0,False,
house_14,link3_sensor_4,link3,301,301,1.0,0.0033222591362126247,0.0,0.0,0.0,0.0,0.0033222591362126247,0.0,0.0,0.0,1.219611252166108,0.5534205661048794,0.5855032205581665,1.0931830406188965,2.1648476123809814,0.4884856641292572,0.5534205661048794,0.009586751461029053,0.0,,,7,7,1.0,0.0,57,57,1.0,0.0,93,93,1.0,0.0,18,18,1.0,0.0,19,19,1.0,0.0,83,83,1.0,0.0,24,24,1.0,0.0,0,False,
house_14,link3_sensor_5,link3,301,301,1.0,0.0033222591362126247,0.0,0.0,0.0,0.0,0.0033222591362126247,0.0,0.0,0.0,1.4960250534686534,0.10790485289122265,1.3444840908050537,1.482379674911499,1.677667260169983,0.4855532944202423,0.10790485289122265,0.003316819667816162,0.0,,,7,7,1.0,0.0,57,57,1.0,0.0,93,93,1.0,0.0,18,18,1.0,0.0,19,19,1.0,0.0,83,83,1.0,0.0,24,24,1.0,0.0,0,False,
house_14,link3_sensor_6,link3,301,301,1.0,0.0,0.0,0.0,0.0,0.0,0.0,0.0,0.0,0.0,1.7021617895344958,0.6309458748558784,0.8595917820930481,1.6269017457962036,3.1497321128845215,0.5081680417060852,0.6309458748558784,0.015877604484558105,0.0,,,7,7,1.0,0.0,57,57,1.0,0.0,93,93,1.0,0.0,18,18,1.0,0.0,19,19,1.0,0.0,83,83,1.0,0.0,24,24,1.0,0.0,0,False,
house_14,link3_sensor_7,link3,301,301,1.0,0.7009966777408638,0.0,0.0,0.0,0.0,0.7009966777408638,0.0,0.0,0.0,0.446741580319563,0.09550628337470396,0.2480916529893875,0.4750610589981079,0.5604089498519897,0.24809156358242035,0.09550628337470396,0.000879243016242981,0.0,,,7,7,1.0,0.0,57,57,1.0,0.0,93,93,1.0,0.0,18,18,1.0,0.0,19,19,1.0,0.0,83,83,1.0,0.0,24,24,1.0,0.0,0,False,
house_14,link5_sensor_0,link5,301,301,1.0,0.0033222591362126247,0.0,0.0,0.0,0.0,0.0033222591362126247,0.0,0.0,0.0,1.0346626831447563,0.34370892281863114,0.7877245545387268,0.8483899235725403,1.7121409177780151,0.4193705916404724,0.34370892281863114,0.003978043794631958,0.0,,,7,7,1.0,0.0,57,57,1.0,0.0,93,93,1.0,0.0,18,18,1.0,0.0,19,19,1.0,0.0,83,83,1.0,0.0,24,24,1.0,0.0,0,False,
house_14,link5_sensor_1,link5,301,301,1.0,0.3787375415282392,0.0,0.0,0.0,0.0,0.3787375415282392,0.0,0.0,0.0,0.8016791256559251,0.4132855888212487,0.44150739908218384,0.5469261407852173,1.5567653179168701,0.43415483832359314,0.4132855888212487,0.00310419499874115,0.0,,,7,7,1.0,0.0,57,57,1.0,0.0,93,93,1.0,0.0,18,18,1.0,0.0,19,19,1.0,0.0,83,83,1.0,0.0,24,24,1.0,0.0,0,False,
house_14,link5_sensor_2,link5,301,301,1.0,0.2591362126245847,0.0,0.0,0.0,0.0,0.2591362126245847,0.0,0.0,0.0,0.8215123380339423,0.3304232501152703,0.46830710768699646,0.7656719088554382,1.3833839893341064,0.465434730052948,0.3304232501152703,0.0033429861068725586,0.0,,,7,7,1.0,0.0,57,57,1.0,0.0,93,93,1.0,0.0,18,18,1.0,0.0,19,19,1.0,0.0,83,83,1.0,0.0,24,24,1.0,0.0,0,False,
house_14,link5_sensor_3,link5,301,301,1.0,0.4318936877076412,0.0,0.0,0.0,0.0,0.4318936877076412,0.0,0.0,0.0,0.5045806521989182,0.13797971282441576,0.3330986201763153,0.5171394944190979,0.6748575568199158,0.3312656581401825,0.13797971282441576,0.0018212199211120605,0.0,,,7,7,1.0,0.0,57,57,1.0,0.0,93,93,1.0,0.0,18,18,1.0,0.0,19,19,1.0,0.0,83,83,1.0,0.0,24,24,1.0,0.0,0,False,
house_14,link5_sensor_4,link5,301,301,1.0,0.43521594684385384,0.0,0.0,0.0,0.0,0.43521594684385384,0.0,0.0,0.0,0.6861757322205262,0.3226928639600476,0.36740097403526306,0.5429338216781616,1.2252146005630493,0.36597907543182373,0.3226928639600476,0.0035023242235183716,0.0,,,7,7,1.0,0.0,57,57,1.0,0.0,93,93,1.0,0.0,18,18,1.0,0.0,19,19,1.0,0.0,83,83,1.0,0.0,24,24,1.0,0.0,0,False,
house_14,link5_sensor_5,link5,301,301,1.0,0.3787375415282392,0.0,0.0,0.0,0.0,0.3787375415282392,0.0,0.0,0.0,0.7448609893108127,0.33329269181615573,0.4477059543132782,0.5506766438484192,1.3452857732772827,0.42404618859291077,0.33329269181615573,0.003269881010055542,0.0,,,7,7,1.0,0.0,57,57,1.0,0.0,93,93,1.0,0.0,18,18,1.0,0.0,19,19,1.0,0.0,83,83,1.0,0.0,24,24,1.0,0.0,0,False,
house_14,link6_sensor_0,link6,301,301,1.0,0.9966777408637874,0.7375415282392026,0.36212624584717606,0.0,0.0,0.9966777408637874,0.7375415282392026,0.36212624584717606,0.0,0.160227975514145,0.09453945598477546,0.05709260329604149,0.1344752162694931,0.32751911878585815,0.05023173615336418,0.09453945598477546,0.0010305605828762054,0.7375415282392026,,,7,7,1.0,0.8571428571428571,57,57,1.0,0.6140350877192983,93,93,1.0,1.0,18,18,1.0,1.0,19,19,1.0,1.0,83,83,1.0,0.6144578313253012,24,24,1.0,0.0,5,True,activation_spread_across_many_phases
house_14,link6_sensor_1,link6,301,301,1.0,0.9966777408637874,0.7375415282392026,0.3654485049833887,0.0,0.0,0.9966777408637874,0.7375415282392026,0.3654485049833887,0.0,0.15630127941304664,0.09056928948271067,0.059361912310123444,0.11918305605649948,0.32049959897994995,0.05284799635410309,0.09056928948271067,0.0009739063680171967,0.7375415282392026,,,7,7,1.0,0.8571428571428571,57,57,1.0,0.6140350877192983,93,93,1.0,1.0,18,18,1.0,1.0,19,19,1.0,1.0,83,83,1.0,0.6144578313253012,24,24,1.0,0.0,5,True,activation_spread_across_many_phases
house_14,link6_sensor_2,link6,301,301,1.0,0.9966777408637874,0.707641196013289,0.15282392026578073,0.0,0.0,0.9966777408637874,0.707641196013289,0.15282392026578073,0.0,0.17437279363011204,0.10294243261867365,0.07057987153530121,0.1190192773938179,0.3782743811607361,0.061694029718637466,0.10294243261867365,0.0009094923734664917,0.707641196013289,,,7,7,1.0,0.8571428571428571,57,57,1.0,0.543859649122807,93,93,1.0,1.0,18,18,1.0,1.0,19,19,1.0,1.0,83,83,1.0,0.5542168674698795,24,24,1.0,0.0,5,True,activation_spread_across_many_phases
house_14,link6_sensor_3,link6,301,301,1.0,0.4950166112956811,0.0,0.0,0.0,0.0,0.4950166112956811,0.0,0.0,0.0,0.5468594942774091,0.147722643780398,0.3238396942615509,0.5030649304389954,0.7447500824928284,0.2980922758579254,0.147722643780398,0.0031723082065582275,0.0,,,7,7,1.0,0.0,57,57,1.0,0.0,93,93,1.0,0.0,18,18,1.0,0.0,19,19,1.0,0.0,83,83,1.0,0.0,24,24,1.0,0.0,0,False,
house_14,link6_sensor_4,link6,301,301,1.0,0.8006644518272426,0.39867109634551495,0.0,0.0,0.0,0.8006644518272426,0.39867109634551495,0.0,0.0,0.30922927435153347,0.20737075342653608,0.1367196887731552,0.2173161804676056,0.7620500326156616,0.10207948088645935,0.20737075342653608,0.0018785074353218079,0.39867109634551495,,,7,7,1.0,0.8571428571428571,57,57,1.0,0.3157894736842105,93,93,1.0,0.3978494623655914,18,18,1.0,0.6666666666666666,19,19,1.0,1.0,83,83,1.0,0.3373493975903614,24,24,1.0,0.0,5,True,activation_spread_across_many_phases
house_14,link6_sensor_5,link6,301,301,1.0,0.9966777408637874,0.7043189368770764,0.14950166112956811,0.0,0.0,0.9966777408637874,0.7043189368770764,0.14950166112956811,0.0,0.17670438804994787,0.10437049567867153,0.07021114230155945,0.12116017192602158,0.3859690725803375,0.05827302485704422,0.10437049567867153,0.0009534955024719238,0.7043189368770764,,,7,7,1.0,0.8571428571428571,57,57,1.0,0.5263157894736842,93,93,1.0,1.0,18,18,1.0,1.0,19,19,1.0,1.0,83,83,1.0,0.5542168674698795,24,24,1.0,0.0,5,True,activation_spread_across_many_phases
house_14,link6_sensor_6,link6,301,301,1.0,0.9966777408637874,0.7308970099667774,0.33222591362126247,0.0,0.0,0.9966777408637874,0.7308970099667774,0.33222591362126247,0.0,0.15737367439953195,0.09324016330392963,0.057925090193748474,0.11875740438699722,0.32189711928367615,0.051872607320547104,0.09324016330392963,0.0009247101843357086,0.7308970099667774,,,7,7,1.0,0.8571428571428571,57,57,1.0,0.6140350877192983,93,93,1.0,1.0,18,18,1.0,1.0,19,19,1.0,1.0,83,83,1.0,0.5903614457831325,24,24,1.0,0.0,5,True,activation_spread_across_many_phases
house_14,link6_sensor_7,link6,301,301,1.0,0.10299003322259136,0.0,0.0,0.0,0.0,0.10299003322259136,0.0,0.0,0.0,0.7069640978428217,0.21504427883872052,0.4867357909679413,0.6329928636550903,1.1157629489898682,0.4717395603656769,0.21504427883872052,0.004425406455993652,0.0,,,7,7,1.0,0.0,57,57,1.0,0.0,93,93,1.0,0.0,18,18,1.0,0.0,19,19,1.0,0.0,83,83,1.0,0.0,24,24,1.0,0.0,0,False,
house_16,link2_sensor_0,link2,268,267,0.996268656716418,0.299625468164794,0.0,0.0,0.0,0.0,0.30223880597014924,0.0037313432835820895,0.0037313432835820895,0.0037313432835820895,1.5408467685015461,0.8887948477731508,0.2861349880695343,1.7802966833114624,2.8795718669891355,0.2849605679512024,0.8887948477731508,0.003869876265525818,0.0,,,6,5,0.8333333333333334,0.0,34,34,1.0,0.0,58,58,1.0,0.0,33,33,1.0,0.0,21,21,1.0,0.0,83,83,1.0,0.0,33,33,1.0,0.0,0,False,
house_16,link2_sensor_1,link2,268,267,0.996268656716418,0.0,0.0,0.0,0.0,0.0,0.0037313432835820895,0.0037313432835820895,0.0037313432835820895,0.0037313432835820895,0.6534174948595883,0.07920426678591408,0.5229427576065063,0.68733811378479,0.7500459551811218,0.5228787064552307,0.07920426678591408,0.0008430778980255127,0.0,,,6,5,0.8333333333333334,0.0,34,34,1.0,0.0,58,58,1.0,0.0,33,33,1.0,0.0,21,21,1.0,0.0,83,83,1.0,0.0,33,33,1.0,0.0,0,False,
house_16,link2_sensor_2,link2,268,267,0.996268656716418,0.0,0.0,0.0,0.0,0.0,0.0037313432835820895,0.0037313432835820895,0.0037313432835820895,0.0037313432835820895,1.8920891682306926,0.33424624235892286,1.4878621101379395,1.9204646348953247,2.618960070610046,1.4801274538040161,0.33424624235892286,0.009926021099090576,0.0,,,6,5,0.8333333333333334,0.0,34,34,1.0,0.0,58,58,1.0,0.0,33,33,1.0,0.0,21,21,1.0,0.0,83,83,1.0,0.0,33,33,1.0,0.0,0,False,
house_16,link2_sensor_3,link2,268,267,0.996268656716418,0.26217228464419473,0.0,0.0,0.0,0.0,0.26492537313432835,0.0037313432835820895,0.0037313432835820895,0.0037313432835820895,0.5099381048804366,0.10649777204307849,0.3212038516998291,0.5581303238868713,0.6098635196685791,0.31952330470085144,0.10649777204307849,0.0006681382656097412,0.0,,,6,5,0.8333333333333334,0.0,34,34,1.0,0.0,58,58,1.0,0.0,33,33,1.0,0.0,21,21,1.0,0.0,83,83,1.0,0.0,33,33,1.0,0.0,0,False,
house_16,link2_sensor_4,link2,268,267,0.996268656716418,0.0,0.0,0.0,0.0,0.0,0.0037313432835820895,0.0037313432835820895,0.0037313432835820895,0.0037313432835820895,1.1811486862125469,0.29620018024501377,0.7221335351467133,1.3657279014587402,1.45313560962677,0.7219187021255493,0.29620018024501377,0.0015076696872711182,0.0,,,6,5,0.8333333333333334,0.0,34,34,1.0,0.0,58,58,1.0,0.0,33,33,1.0,0.0,21,21,1.0,0.0,83,83,1.0,0.0,33,33,1.0,0.0,0,False,
house_16,link2_sensor_5,link2,268,267,0.996268656716418,0.0,0.0,0.0,0.0,0.0,0.0037313432835820895,0.0037313432835820895,0.0037313432835820895,0.0037313432835820895,1.1161068682366988,0.2428569901403748,0.7103439450263977,1.2523369789123535,1.334920883178711,0.7102009654045105,0.2428569901403748,0.001188814640045166,0.0,,,6,5,0.8333333333333334,0.0,34,34,1.0,0.0,58,58,1.0,0.0,33,33,1.0,0.0,21,21,1.0,0.0,83,83,1.0,0.0,33,33,1.0,0.0,0,False,
house_16,link2_sensor_6,link2,268,267,0.996268656716418,1.0,0.0,0.0,0.0,0.0,1.0,0.0037313432835820895,0.0037313432835820895,0.0037313432835820895,0.30310964528540996,0.03433472409194799,0.25726938545703887,0.2906701862812042,0.35026329159736636,0.25725308060646057,0.03433472409194799,0.0002716928720474243,0.0,,,6,5,0.8333333333333334,0.0,34,34,1.0,0.0,58,58,1.0,0.0,33,33,1.0,0.0,21,21,1.0,0.0,83,83,1.0,0.0,33,33,1.0,0.0,0,False,
house_16,link3_sensor_0,link3,268,267,0.996268656716418,0.0,0.0,0.0,0.0,0.0,0.0037313432835820895,0.0037313432835820895,0.0037313432835820895,0.0037313432835820895,1.2495600139157157,0.4788952053994771,0.5631467640399933,1.4577183723449707,1.7968902707099914,0.5629894733428955,0.4788952053994771,0.002249002456665039,0.0,,,6,5,0.8333333333333334,0.0,34,34,1.0,0.0,58,58,1.0,0.0,33,33,1.0,0.0,21,21,1.0,0.0,83,83,1.0,0.0,33,33,1.0,0.0,0,False,
house_16,link3_sensor_1,link3,268,267,0.996268656716418,0.2696629213483146,0.0,0.0,0.0,0.0,0.27238805970149255,0.0037313432835820895,0.0037313432835820895,0.0037313432835820895,0.7343013666095805,0.22559414012794907,0.406992968916893,0.8212473392486572,1.0475520014762878,0.4069274961948395,0.22559414012794907,0.001310884952545166,0.0,,,6,5,0.8333333333333334,0.0,34,34,1.0,0.0,58,58,1.0,0.0,33,33,1.0,0.0,21,21,1.0,0.0,83,83,1.0,0.0,33,33,1.0,0.0,0,False,
house_16,link3_sensor_2,link3,268,267,0.996268656716418,0.0,0.0,0.0,0.0,0.0,0.0037313432835820895,0.0037313432835820895,0.0037313432835820895,0.0037313432835820895,0.9124030950810579,0.3402551119020416,0.605817312002182,0.7196294665336609,1.5181891441345214,0.6049488186836243,0.3402551119020416,0.0018825531005859375,0.0,,,6,5,0.8333333333333334,0.0,34,34,1.0,0.0,58,58,1.0,0.0,33,33,1.0,0.0,21,21,1.0,0.0,83,83,1.0,0.0,33,33,1.0,0.0,0,False,
house_16,link3_sensor_3,link3,268,267,0.996268656716418,0.2958801498127341,0.0,0.0,0.0,0.0,0.29850746268656714,0.0037313432835820895,0.0037313432835820895,0.0037313432835820895,0.7385307241245156,0.23976647118711525,0.391480541229248,0.8383540511131287,0.9985378384590149,0.39142906665802,0.23976647118711525,0.001039072871208191,0.0,,,6,5,0.8333333333333334,0.0,34,34,1.0,0.0,58,58,1.0,0.0,33,33,1.0,0.0,21,21,1.0,0.0,83,83,1.0,0.0,33,33,1.0,0.0,0,False,
house_16,link3_sensor_4,link3,268,267,0.996268656716418,0.0,0.0,0.0,0.0,0.0,0.0037313432835820895,0.0037313432835820895,0.0037313432835820895,0.0037313432835820895,1.0694431068745445,0.33004660611143044,0.5452328801155091,1.1691054105758667,1.4839777946472168,0.5449976921081543,0.33004660611143044,0.0014964044094085693,0.0,,,6,5,0.8333333333333334,0.0,34,34,1.0,0.0,58,58,1.0,0.0,33,33,1.0,0.0,21,21,1.0,0.0,83,83,1.0,0.0,33,33,1.0,0.0,0,False,
house_16,link3_sensor_5,link3,268,267,0.996268656716418,0.0,0.0,0.0,0.0,0.0,0.0037313432835820895,0.0037313432835820895,0.0037313432835820895,0.0037313432835820895,1.4110554030325528,0.6049755122280287,0.6546985983848572,1.2611507177352905,2.323856830596924,0.6544464230537415,0.6049755122280287,0.005641967058181763,0.0,,,6,5,0.8333333333333334,0.0,34,34,1.0,0.0,58,58,1.0,0.0,33,33,1.0,0.0,21,21,1.0,0.0,83,83,1.0,0.0,33,33,1.0,0.0,0,False,
house_16,link3_sensor_6,link3,268,267,0.996268656716418,0.0,0.0,0.0,0.0,0.0,0.0037313432835820895,0.0037313432835820895,0.0037313432835820895,0.0037313432835820895,1.8724421526162365,0.395294748033155,1.4179673790931702,1.7398884296417236,2.567362642288208,1.4175375699996948,0.395294748033155,0.007199883460998535,0.0,,,6,5,0.8333333333333334,0.0,34,34,1.0,0.0,58,58,1.0,0.0,33,33,1.0,0.0,21,21,1.0,0.0,83,83,1.0,0.0,33,33,1.0,0.0,0,False,
house_16,link3_sensor_7,link3,268,267,0.996268656716418,0.6142322097378277,0.0,0.0,0.0,0.0,0.6156716417910447,0.0037313432835820895,0.0037313432835820895,0.0037313432835820895,0.4171652563948756,0.12562269460393505,0.2480288565158844,0.43520936369895935,0.5518665194511414,0.2480146735906601,0.12562269460393505,0.0001503080129623413,0.0,,,6,5,0.8333333333333334,0.0,34,34,1.0,0.0,58,58,1.0,0.0,33,33,1.0,0.0,21,21,1.0,0.0,83,83,1.0,0.0,33,33,1.0,0.0,0,False,
house_16,link5_sensor_0,link5,268,267,0.996268656716418,0.27715355805243447,0.0,0.0,0.0,0.0,0.2798507462686567,0.0037313432835820895,0.0037313432835820895,0.0037313432835820895,1.3743636084629802,0.7498230269052794,0.3277450740337372,1.7276427745819092,2.1960509777069093,0.32762831449508667,0.7498230269052794,0.006196260452270508,0.0,,,6,5,0.8333333333333334,0.0,34,34,1.0,0.0,58,58,1.0,0.0,33,33,1.0,0.0,21,21,1.0,0.0,83,83,1.0,0.0,33,33,1.0,0.0,0,False,
house_16,link5_sensor_1,link5,268,267,0.996268656716418,0.3333333333333333,0.0,0.0,0.0,0.0,0.3358208955223881,0.0037313432835820895,0.0037313432835820895,0.0037313432835820895,1.2035638066043568,0.7317180242287169,0.2139639064669609,1.672511339187622,1.9769696474075318,0.21389798820018768,0.7317180242287169,0.004637300968170166,0.0,,,6,5,0.8333333333333334,0.0,34,34,1.0,0.0,58,58,1.0,0.0,33,33,1.0,0.0,21,21,1.0,0.0,83,83,1.0,0.0,33,33,1.0,0.0,0,False,
house_16,link5_sensor_2,link5,268,267,0.996268656716418,0.3258426966292135,0.0,0.0,0.0,0.0,0.3283582089552239,0.0037313432835820895,0.0037313432835820895,0.0037313432835820895,0.9112574857718936,0.4557935950175648,0.2620952486991882,1.085534691810608,1.3770541071891784,0.26200512051582336,0.4557935950175648,0.003233611583709717,0.0,,,6,5,0.8333333333333334,0.0,34,34,1.0,0.0,58,58,1.0,0.0,33,33,1.0,0.0,21,21,1.0,0.0,83,83,1.0,0.0,33,33,1.0,0.0,0,False,
house_16,link5_sensor_3,link5,268,267,0.996268656716418,1.0,0.3333333333333333,0.0,0.0,0.0,1.0,0.3358208955223881,0.0037313432835820895,0.0037313432835820895,0.2757135300935431,0.10838156409213288,0.1398078605532646,0.27053123712539673,0.43458321690559387,0.13944293558597565,0.10838156409213288,0.0010418295860290527,0.3333333333333333,,,6,5,0.8333333333333334,0.0,34,34,1.0,0.23529411764705882,58,58,1.0,1.0,33,33,1.0,0.696969696969697,21,21,1.0,0.0,83,83,1.0,0.0,33,33,1.0,0.0,3,False,
house_16,link5_sensor_4,link5,268,267,0.996268656716418,0.34831460674157305,0.0,0.0,0.0,0.0,0.35074626865671643,0.0037313432835820895,0.0037313432835820895,0.0037313432835820895,0.9911264624823345,0.6609989834464787,0.22504947185516358,1.040369987487793,2.0151866912841796,0.2187814563512802,0.6609989834464787,0.002921581268310547,0.0,,,6,5,0.8333333333333334,0.0,34,34,1.0,0.0,58,58,1.0,0.0,33,33,1.0,0.0,21,21,1.0,0.0,83,83,1.0,0.0,33,33,1.0,0.0,0,False,
house_16,link5_sensor_5,link5,268,267,0.996268656716418,0.34831460674157305,0.0,0.0,0.0,0.0,0.35074626865671643,0.0037313432835820895,0.0037313432835820895,0.0037313432835820895,0.8525723079951961,0.44354996042937533,0.23301497846841812,1.1664104461669922,1.3459706902503967,0.23295211791992188,0.44354996042937533,0.0017758011817932129,0.0,,,6,5,0.8333333333333334,0.0,34,34,1.0,0.0,58,58,1.0,0.0,33,33,1.0,0.0,21,21,1.0,0.0,83,83,1.0,0.0,33,33,1.0,0.0,0,False,
house_16,link6_sensor_0,link6,268,267,0.996268656716418,0.9775280898876404,0.47191011235955055,0.0,0.0,0.0,0.9776119402985075,0.47388059701492535,0.0037313432835820895,0.0037313432835820895,0.28096967991371724,0.13643868194015757,0.1348371163010597,0.21823838353157043,0.49856610000133517,0.13350142538547516,0.13643868194015757,0.0007727891206741333,0.47191011235955055,,,6,5,0.8333333333333334,1.0,34,34,1.0,0.029411764705882353,58,58,1.0,1.0,33,33,1.0,0.3333333333333333,21,21,1.0,1.0,83,83,1.0,0.3614457831325301,33,33,1.0,0.0,4,True,activation_spread_across_many_phases
house_16,link6_sensor_1,link6,268,267,0.996268656716418,1.0,0.602996254681648,0.1760299625468165,0.0,0.0,1.0,0.6044776119402985,0.1791044776119403,0.0037313432835820895,0.19820079913411695,0.07955042497170697,0.09047415927052498,0.177777960896492,0.3146190345287323,0.08922796696424484,0.07955042497170697,0.000594012439250946,0.602996254681648,,,6,5,0.8333333333333334,1.0,34,34,1.0,0.029411764705882353,58,58,1.0,1.0,33,33,1.0,0.8484848484848485,21,21,1.0,1.0,83,83,1.0,0.5783132530120482,33,33,1.0,0.0,4,True,activation_spread_across_many_phases
house_16,link6_sensor_2,link6,268,267,0.996268656716418,1.0,0.6554307116104869,0.20224719101123595,0.0,0.0,1.0,0.6567164179104478,0.20522388059701493,0.0037313432835820895,0.1821604712067472,0.06800865846343336,0.08963364884257316,0.1780121624469757,0.2857181131839752,0.08866943418979645,0.06800865846343336,0.0007977895438671112,0.6554307116104869,,,6,5,0.8333333333333334,1.0,34,34,1.0,0.20588235294117646,58,58,1.0,1.0,33,33,1.0,1.0,21,21,1.0,1.0,83,83,1.0,0.6144578313253012,33,33,1.0,0.0,5,True,activation_spread_across_many_phases
house_16,link6_sensor_3,link6,268,267,0.996268656716418,1.0,0.5842696629213483,0.0,0.0,0.0,1.0,0.585820895522388,0.0037313432835820895,0.0037313432835820895,0.21356966499978683,0.0808945864503511,0.13652762472629548,0.16386927664279938,0.34799957275390625,0.13182565569877625,0.0808945864503511,0.0005757510662078857,0.5842696629213483,,,6,5,0.8333333333333334,1.0,34,34,1.0,0.29411764705882354,58,58,1.0,1.0,33,33,1.0,1.0,21,21,1.0,1.0,83,83,1.0,0.3493975903614458,33,33,1.0,0.0,5,True,activation_spread_across_many_phases
house_16,link6_sensor_4,link6,268,267,0.996268656716418,1.0,0.6666666666666666,0.16104868913857678,0.0,0.0,1.0,0.667910447761194,0.16417910447761194,0.0037313432835820895,0.17610208860385732,0.07016571998235824,0.09832780510187149,0.14084669947624207,0.29120925068855286,0.0973573699593544,0.07016571998235824,0.0004789680242538452,0.6666666666666666,,,6,5,0.8333333333333334,1.0,34,34,1.0,0.3235294117647059,58,58,1.0,1.0,33,33,1.0,1.0,21,21,1.0,1.0,83,83,1.0,0.6024096385542169,33,33,1.0,0.0,5,True,activation_spread_across_many_phases
house_16,link6_sensor_5,link6,268,267,0.996268656716418,1.0,0.651685393258427,0.19850187265917604,0.0,0.0,1.0,0.6529850746268657,0.20149253731343283,0.0037313432835820895,0.18320719719156345,0.06924049113509226,0.09030489027500152,0.17662307620048523,0.29047060012817383,0.08936580270528793,0.06924049113509226,0.0007796958088874817,0.651685393258427,,,6,5,0.8333333333333334,1.0,34,34,1.0,0.17647058823529413,58,58,1.0,1.0,33,33,1.0,1.0,21,21,1.0,1.0,83,83,1.0,0.6144578313253012,33,33,1.0,0.0,4,True,activation_spread_across_many_phases
house_16,link6_sensor_6,link6,268,267,0.996268656716418,1.0,0.5617977528089888,0.14232209737827714,0.0,0.0,1.0,0.5634328358208955,0.1455223880597015,0.0037313432835820895,0.21981720051515416,0.0940089846616902,0.09907905012369156,0.18168681859970093,0.3618408441543579,0.0978628396987915,0.0940089846616902,0.000563889741897583,0.5617977528089888,,,6,5,0.8333333333333334,1.0,34,34,1.0,0.029411764705882353,58,58,1.0,1.0,33,33,1.0,0.6666666666666666,21,21,1.0,1.0,83,83,1.0,0.5180722891566265,33,33,1.0,0.0,4,True,activation_spread_across_many_phases
house_16,link6_sensor_7,link6,268,267,0.996268656716418,0.42696629213483145,0.250936329588015,0.0,0.0,0.0,0.4291044776119403,0.2537313432835821,0.0037313432835820895,0.0037313432835820895,0.48938571229186395,0.22692771532105876,0.18069389909505845,0.662802517414093,0.7055734395980835,0.18053771555423737,0.22692771532105876,0.0006904304027557373,0.250936329588015,,,6,5,0.8333333333333334,0.0,34,34,1.0,0.029411764705882353,58,58,1.0,1.0,33,33,1.0,0.24242424242424243,21,21,1.0,0.0,83,83,1.0,0.0,33,33,1.0,0.0,2,False,
house_17,link2_sensor_0,link2,222,222,1.0,0.3783783783783784,0.0,0.0,0.0,0.0,0.3783783783783784,0.0,0.0,0.0,0.8041715823315285,0.4388827945381804,0.2855461835861206,0.8470933735370636,1.5230926632881165,0.2826523780822754,0.4388827945381804,0.003488302230834961,0.0,,,6,6,1.0,0.0,9,9,1.0,0.0,60,60,1.0,0.0,12,12,1.0,0.0,19,19,1.0,0.0,83,83,1.0,0.0,33,33,1.0,0.0,0,False,
house_17,link2_sensor_1,link2,222,222,1.0,0.02252252252252252,0.0,0.0,0.0,0.0,0.02252252252252252,0.0,0.0,0.0,0.8121302894375346,0.2251356015008025,0.5275844603776931,0.9110473692417145,1.0442476272583008,0.45294860005378723,0.2251356015008025,0.00045931339263916016,0.0,,,6,6,1.0,0.0,9,9,1.0,0.0,60,60,1.0,0.0,12,12,1.0,0.0,19,19,1.0,0.0,83,83,1.0,0.0,33,33,1.0,0.0,0,False,
house_17,link2_sensor_2,link2,222,222,1.0,0.0,0.0,0.0,0.0,0.0,0.0,0.0,0.0,0.0,1.3999916363406826,0.5219509762462917,0.8742072075605393,1.1818321347236633,2.48229296207428,0.8614543676376343,0.5219509762462917,0.010015010833740234,0.0,,,6,6,1.0,0.0,9,9,1.0,0.0,60,60,1.0,0.0,12,12,1.0,0.0,19,19,1.0,0.0,83,83,1.0,0.0,33,33,1.0,0.0,0,False,
house_17,link2_sensor_3,link2,222,222,1.0,0.7747747747747747,0.0,0.0,0.0,0.0,0.7747747747747747,0.0,0.0,0.0,0.4492361910037092,0.2577797709972348,0.2565845921635628,0.3200746923685074,0.9193879157304764,0.23191949725151062,0.2577797709972348,0.0005007088184356689,0.0,,,6,6,1.0,0.0,9,9,1.0,0.0,60,60,1.0,0.0,12,12,1.0,0.0,19,19,1.0,0.0,83,83,1.0,0.0,33,33,1.0,0.0,0,False,
house_17,link2_sensor_4,link2,222,222,1.0,0.0,0.0,0.0,0.0,0.0,0.0,0.0,0.0,0.0,1.0538028532320314,0.08709407322802173,0.977766352891922,1.0212096571922302,1.1735273122787475,0.9739758968353271,0.08709407322802173,0.0009992718696594238,0.0,,,6,6,1.0,0.0,9,9,1.0,0.0,60,60,1.0,0.0,12,12,1.0,0.0,19,19,1.0,0.0,83,83,1.0,0.0,33,33,1.0,0.0,0,False,
house_17,link2_sensor_5,link2,222,222,1.0,0.0,0.0,0.0,0.0,0.0,0.0,0.0,0.0,0.0,1.1399621166087486,0.14759539665075327,0.999096593260765,1.092570722103119,1.3455040872097015,0.9937225580215454,0.14759539665075327,0.001946091651916504,0.0,,,6,6,1.0,0.0,9,9,1.0,0.0,60,60,1.0,0.0,12,12,1.0,0.0,19,19,1.0,0.0,83,83,1.0,0.0,33,33,1.0,0.0,0,False,
house_17,link2_sensor_6,link2,222,222,1.0,0.9954954954954955,0.0,0.0,0.0,0.0,0.9954954954954955,0.0,0.0,0.0,0.2891449485276196,0.043871722560231516,0.27186437994241713,0.28479723632335663,0.3156183883547783,0.26306432485580444,0.043871722560231516,0.00036078691482543945,0.0,,,6,6,1.0,0.0,9,9,1.0,0.0,60,60,1.0,0.0,12,12,1.0,0.0,19,19,1.0,0.0,83,83,1.0,0.0,33,33,1.0,0.0,0,False,
house_17,link3_sensor_0,link3,222,222,1.0,0.0,0.0,0.0,0.0,0.0,0.0,0.0,0.0,0.0,1.177718905715255,0.09172804099497579,1.0791858673095702,1.1506432890892029,1.3299252390861511,1.0748242139816284,0.09172804099497579,0.0006625652313232422,0.0,,,6,6,1.0,0.0,9,9,1.0,0.0,60,60,1.0,0.0,12,12,1.0,0.0,19,19,1.0,0.0,83,83,1.0,0.0,33,33,1.0,0.0,0,False,
house_17,link3_sensor_1,link3,222,222,1.0,0.0,0.0,0.0,0.0,0.0,0.0,0.0,0.0,0.0,0.9833816867153924,0.02302629861862728,0.9553252458572388,0.9857823848724365,1.0008294880390167,0.946978747844696,0.02302629861862728,0.00023126602172851562,0.0,,,6,6,1.0,0.0,9,9,1.0,0.0,60,60,1.0,0.0,12,12,1.0,0.0,19,19,1.0,0.0,83,83,1.0,0.0,33,33,1.0,0.0,0,False,
house_17,link3_sensor_2,link3,222,222,1.0,0.0,0.0,0.0,0.0,0.0,0.0,0.0,0.0,0.0,1.3200482339472384,0.26409813703187496,1.0265019059181213,1.230216145515442,1.8294437468051907,1.0107039213180542,0.26409813703187496,0.008143305778503418,0.0,,,6,6,1.0,0.0,9,9,1.0,0.0,60,60,1.0,0.0,12,12,1.0,0.0,19,19,1.0,0.0,83,83,1.0,0.0,33,33,1.0,0.0,0,False,
house_17,link3_sensor_3,link3,222,222,1.0,0.0,0.0,0.0,0.0,0.0,0.0,0.0,0.0,0.0,1.0078342822757926,0.11174648300160647,0.8981251955032349,0.9758695662021637,1.1883233487606049,0.8907881379127502,0.11174648300160647,0.0015929937362670898,0.0,,,6,6,1.0,0.0,9,9,1.0,0.0,60,60,1.0,0.0,12,12,1.0,0.0,19,19,1.0,0.0,83,83,1.0,0.0,33,33,1.0,0.0,0,False,
house_17,link3_sensor_4,link3,222,222,1.0,0.0,0.0,0.0,0.0,0.0,0.0,0.0,0.0,0.0,1.4069461618457828,0.1539935924585222,1.2141536176204681,1.4135639667510986,1.589088749885559,1.1945124864578247,0.1539935924585222,0.0013233423233032227,0.0,,,6,6,1.0,0.0,9,9,1.0,0.0,60,60,1.0,0.0,12,12,1.0,0.0,19,19,1.0,0.0,83,83,1.0,0.0,33,33,1.0,0.0,0,False,
house_17,link3_sensor_5,link3,222,222,1.0,0.0,0.0,0.0,0.0,0.0,0.0,0.0,0.0,0.0,1.2611827469086863,0.18584929248976118,1.0944341599941254,1.1692111492156982,1.6420574367046357,1.0807113647460938,0.18584929248976118,0.003041863441467285,0.0,,,6,6,1.0,0.0,9,9,1.0,0.0,60,60,1.0,0.0,12,12,1.0,0.0,19,19,1.0,0.0,83,83,1.0,0.0,33,33,1.0,0.0,0,False,
house_17,link3_sensor_6,link3,222,208,0.9369369369369369,0.0,0.0,0.0,0.0,0.0,0.0,0.0,0.0,0.0,1.719627393839451,0.8316438592992305,0.9570289939641953,1.385044813156128,3.473444926738739,0.9367721676826477,0.8316438592992305,0.013768792152404785,0.0,,,6,6,1.0,0.0,9,9,1.0,0.0,60,60,1.0,0.0,12,12,1.0,0.0,19,15,0.7894736842105263,0.0,83,73,0.8795180722891566,0.0,33,33,1.0,0.0,0,False,
house_17,link3_sensor_7,link3,222,222,1.0,0.963963963963964,0.0,0.0,0.0,0.0,0.963963963963964,0.0,0.0,0.0,0.3382695950232111,0.09521736370626441,0.2131188206374645,0.32960452139377594,0.47919726222753517,0.21246717870235443,0.09521736370626441,0.0003466308116912842,0.0,,,6,6,1.0,0.0,9,9,1.0,0.0,60,60,1.0,0.0,12,12,1.0,0.0,19,19,1.0,0.0,83,83,1.0,0.0,33,33,1.0,0.0,0,False,
house_17,link5_sensor_0,link5,222,222,1.0,0.0,0.0,0.0,0.0,0.0,0.0,0.0,0.0,0.0,1.1789730363063984,0.09862325409364425,1.0408243656158447,1.1938689947128296,1.305974006652832,1.018736481666565,0.09862325409364425,0.0010638236999511719,0.0,,,6,6,1.0,0.0,9,9,1.0,0.0,60,60,1.0,0.0,12,12,1.0,0.0,19,19,1.0,0.0,83,83,1.0,0.0,33,33,1.0,0.0,0,False,
house_17,link5_sensor_1,link5,222,222,1.0,0.0,0.0,0.0,0.0,0.0,0.0,0.0,0.0,0.0,1.0529867751641317,0.08541304076699385,0.9334513187408447,1.0727671384811401,1.1468746602535247,0.9186146259307861,0.08541304076699385,0.0008283853530883789,0.0,,,6,6,1.0,0.0,9,9,1.0,0.0,60,60,1.0,0.0,12,12,1.0,0.0,19,19,1.0,0.0,83,83,1.0,0.0,33,33,1.0,0.0,0,False,
house_17,link5_sensor_2,link5,222,222,1.0,0.0,0.0,0.0,0.0,0.0,0.0,0.0,0.0,0.0,1.0134676372682727,0.07199162544415802,0.9296553760766983,1.0209379196166992,1.1072715938091278,0.9289703965187073,0.07199162544415802,0.0004226565361022949,0.0,,,6,6,1.0,0.0,9,9,1.0,0.0,60,60,1.0,0.0,12,12,1.0,0.0,19,19,1.0,0.0,83,83,1.0,0.0,33,33,1.0,0.0,0,False,
house_17,link5_sensor_3,link5,222,222,1.0,0.0,0.0,0.0,0.0,0.0,0.0,0.0,0.0,0.0,0.7034313869368922,0.06517544269745919,0.6150954186916351,0.7077260613441467,0.7918565541505813,0.6126170754432678,0.06517544269745919,0.0007976889610290527,0.0,,,6,6,1.0,0.0,9,9,1.0,0.0,60,60,1.0,0.0,12,12,1.0,0.0,19,19,1.0,0.0,83,83,1.0,0.0,33,33,1.0,0.0,0,False,
house_17,link5_sensor_4,link5,222,222,1.0,0.0,0.0,0.0,0.0,0.0,0.0,0.0,0.0,0.0,0.8895694632250983,0.05417763683748311,0.8281312376260758,0.9024558365345001,0.9353266745805741,0.8267673254013062,0.05417763683748311,0.00047451257705688477,0.0,,,6,6,1.0,0.0,9,9,1.0,0.0,60,60,1.0,0.0,12,12,1.0,0.0,19,19,1.0,0.0,83,83,1.0,0.0,33,33,1.0,0.0,0,False,
house_17,link5_sensor_5,link5,222,222,1.0,0.0,0.0,0.0,0.0,0.0,0.0,0.0,0.0,0.0,0.9612594010593655,0.05780844916725194,0.876968839764595,0.9739878177642822,1.0013076782226562,0.8663969039916992,0.05780844916725194,0.0007175207138061523,0.0,,,6,6,1.0,0.0,9,9,1.0,0.0,60,60,1.0,0.0,12,12,1.0,0.0,19,19,1.0,0.0,83,83,1.0,0.0,33,33,1.0,0.0,0,False,
house_17,link6_sensor_0,link6,222,222,1.0,0.9954954954954955,0.0,0.0,0.0,0.0,0.9954954954954955,0.0,0.0,0.0,0.32917249055059106,0.030285191111330177,0.2896920382976532,0.3406268209218979,0.3541701540350914,0.288564532995224,0.030285191111330177,0.0002245008945465088,0.0,,,6,6,1.0,0.0,9,9,1.0,0.0,60,60,1.0,0.0,12,12,1.0,0.0,19,19,1.0,0.0,83,83,1.0,0.0,33,33,1.0,0.0,0,False,
house_17,link6_sensor_1,link6,222,222,1.0,0.9954954954954955,0.0,0.0,0.0,0.0,0.9954954954954955,0.0,0.0,0.0,0.3222831651434168,0.029242994377687088,0.2843693748116493,0.333747997879982,0.34581629782915113,0.2832474708557129,0.029242994377687088,0.0001952052116394043,0.0,,,6,6,1.0,0.0,9,9,1.0,0.0,60,60,1.0,0.0,12,12,1.0,0.0,19,19,1.0,0.0,83,83,1.0,0.0,33,33,1.0,0.0,0,False,
house_17,link6_sensor_2,link6,222,222,1.0,0.9954954954954955,0.0,0.0,0.0,0.0,0.9954954954954955,0.0,0.0,0.0,0.3589778260604755,0.04517974227643314,0.30238620191812515,0.3649536073207855,0.41228545904159547,0.30119118094444275,0.04517974227643314,0.000359952449798584,0.0,,,6,6,1.0,0.0,9,9,1.0,0.0,60,60,1.0,0.0,12,12,1.0,0.0,19,19,1.0,0.0,83,83,1.0,0.0,33,33,1.0,0.0,0,False,
house_17,link6_sensor_3,link6,222,222,1.0,0.2702702702702703,0.0,0.0,0.0,0.0,0.2702702702702703,0.0,0.0,0.0,0.5966366806680018,0.10022615700894155,0.48435724526643753,0.6070771813392639,0.7453125983476638,0.23462620377540588,0.10022615700894155,0.0007578134536743164,0.0,,,6,6,1.0,0.0,9,9,1.0,0.0,60,60,1.0,0.0,12,12,1.0,0.0,19,19,1.0,0.0,83,83,1.0,0.0,33,33,1.0,0.0,0,False,
house_17,link6_sensor_4,link6,222,222,1.0,0.7117117117117117,0.0,0.0,0.0,0.0,0.7117117117117117,0.0,0.0,0.0,0.45498425298714423,0.09429682754814525,0.3089916229248047,0.47411906719207764,0.5972175061702727,0.24896694719791412,0.09429682754814525,0.0020183324813842773,0.0,,,6,6,1.0,0.0,9,9,1.0,0.0,60,60,1.0,0.0,12,12,1.0,0.0,19,19,1.0,0.0,83,83,1.0,0.0,33,33,1.0,0.0,0,False,
house_17,link6_sensor_5,link6,222,222,1.0,0.9954954954954955,0.0,0.0,0.0,0.0,0.9954954954954955,0.0,0.0,0.0,0.3659485911463832,0.04595849222253548,0.3080423355102539,0.37324386835098267,0.4193363144993782,0.3068869411945343,0.04595849222253548,0.0003591775894165039,0.0,,,6,6,1.0,0.0,9,9,1.0,0.0,60,60,1.0,0.0,12,12,1.0,0.0,19,19,1.0,0.0,83,83,1.0,0.0,33,33,1.0,0.0,0,False,
house_17,link6_sensor_6,link6,222,222,1.0,0.9954954954954955,0.0,0.0,0.0,0.0,0.9954954954954955,0.0,0.0,0.0,0.33402799445766584,0.027969333543621525,0.302852027118206,0.33058157563209534,0.3685134291648865,0.30138564109802246,0.027969333543621525,0.0002779662609100342,0.0,,,6,6,1.0,0.0,9,9,1.0,0.0,60,60,1.0,0.0,12,12,1.0,0.0,19,19,1.0,0.0,83,83,1.0,0.0,33,33,1.0,0.0,0,False,
house_17,link6_sensor_7,link6,222,222,1.0,0.0,0.0,0.0,0.0,0.0,0.0,0.0,0.0,0.0,0.8473403657878842,0.04258640238188052,0.8054529339075088,0.8425251245498657,0.8940336734056473,0.8049687743186951,0.04258640238188052,0.0003554821014404297,0.0,,,6,6,1.0,0.0,9,9,1.0,0.0,60,60,1.0,0.0,12,12,1.0,0.0,19,19,1.0,0.0,83,83,1.0,0.0,33,33,1.0,0.0,0,False,
house_20,link2_sensor_0,link2,232,232,1.0,0.3017241379310345,0.0,0.0,0.0,0.0,0.3017241379310345,0.0,0.0,0.0,0.9122803832950264,0.42977858995983326,0.28614153116941454,1.1606773138046265,1.308642429113388,0.2810182571411133,0.42977858995983326,0.0012309849262237549,0.0,,,6,6,1.0,0.0,29,29,1.0,0.0,49,49,1.0,0.0,12,12,1.0,0.0,20,20,1.0,0.0,83,83,1.0,0.0,33,33,1.0,0.0,0,False,
house_20,link2_sensor_1,link2,232,232,1.0,0.4698275862068966,0.0,0.0,0.0,0.0,0.4698275862068966,0.0,0.0,0.0,0.58274199389692,0.14880973940840703,0.40106987208127975,0.5835922062397003,0.805014967918396,0.3314495384693146,0.14880973940840703,0.0014715194702148438,0.0,,,6,6,1.0,0.0,29,29,1.0,0.0,49,49,1.0,0.0,12,12,1.0,0.0,20,20,1.0,0.0,83,83,1.0,0.0,33,33,1.0,0.0,0,False,
house_20,link2_sensor_2,link2,232,232,1.0,0.0,0.0,0.0,0.0,0.0,0.0,0.0,0.0,0.0,1.1729240250484696,0.1970438383488782,0.8592147290706634,1.3007339239120483,1.3482278347015382,0.8368710279464722,0.1970438383488782,0.0003713369369506836,0.0,,,6,6,1.0,0.0,29,29,1.0,0.0,49,49,1.0,0.0,12,12,1.0,0.0,20,20,1.0,0.0,83,83,1.0,0.0,33,33,1.0,0.0,0,False,
house_20,link2_sensor_3,link2,232,232,1.0,0.6336206896551724,0.0,0.0,0.0,0.0,0.6336206896551724,0.0,0.0,0.0,0.40874495665574895,0.12140355109613671,0.3000627294182777,0.3226626217365265,0.5799063980579376,0.2923990488052368,0.12140355109613671,0.00019294023513793945,0.0,,,6,6,1.0,0.0,29,29,1.0,0.0,49,49,1.0,0.0,12,12,1.0,0.0,20,20,1.0,0.0,83,83,1.0,0.0,33,33,1.0,0.0,0,False,
house_20,link2_sensor_4,link2,232,232,1.0,0.0,0.0,0.0,0.0,0.0,0.0,0.0,0.0,0.0,0.9835080620029877,0.10722444535712285,0.7715951710939407,1.0141102075576782,1.0924700975418091,0.7700061798095703,0.10722444535712285,0.0004266500473022461,0.0,,,6,6,1.0,0.0,29,29,1.0,0.0,49,49,1.0,0.0,12,12,1.0,0.0,20,20,1.0,0.0,83,83,1.0,0.0,33,33,1.0,0.0,0,False,
house_20,link2_sensor_5,link2,232,232,1.0,0.0,0.0,0.0,0.0,0.0,0.0,0.0,0.0,0.0,1.0979033497900799,0.09661132515032866,0.9540949404239655,1.099679708480835,1.2078163981437684,0.9186865091323853,0.09661132515032866,0.0005291104316711426,0.0,,,6,6,1.0,0.0,29,29,1.0,0.0,49,49,1.0,0.0,12,12,1.0,0.0,20,20,1.0,0.0,83,83,1.0,0.0,33,33,1.0,0.0,0,False,
house_20,link2_sensor_6,link2,232,232,1.0,1.0,0.0,0.0,0.0,0.0,1.0,0.0,0.0,0.0,0.2891493781373419,0.012296161938834689,0.27041314244270326,0.28635142743587494,0.3037070631980896,0.26997682452201843,0.012296161938834689,0.00015097856521606445,0.0,,,6,6,1.0,0.0,29,29,1.0,0.0,49,49,1.0,0.0,12,12,1.0,0.0,20,20,1.0,0.0,83,83,1.0,0.0,33,33,1.0,0.0,0,False,
house_20,link3_sensor_0,link3,232,232,1.0,0.0,0.0,0.0,0.0,0.0,0.0,0.0,0.0,0.0,1.1589981934119915,0.15420843817939248,0.9342401027679443,1.2576582431793213,1.3133738040924072,0.8219963908195496,0.15420843817939248,0.0004876852035522461,0.0,,,6,6,1.0,0.0,29,29,1.0,0.0,49,49,1.0,0.0,12,12,1.0,0.0,20,20,1.0,0.0,83,83,1.0,0.0,33,33,1.0,0.0,0,False,
house_20,link3_sensor_1,link3,232,232,1.0,0.0,0.0,0.0,0.0,0.0,0.0,0.0,0.0,0.0,0.7178754739720246,0.14834339697211685,0.6129396677017211,0.6494079232215881,1.0350811779499054,0.5819185376167297,0.14834339697211685,0.002505481243133545,0.0,,,6,6,1.0,0.0,29,29,1.0,0.0,49,49,1.0,0.0,12,12,1.0,0.0,20,20,1.0,0.0,83,83,1.0,0.0,33,33,1.0,0.0,0,False,
house_20,link3_sensor_2,link3,232,232,1.0,0.0,0.0,0.0,0.0,0.0,0.0,0.0,0.0,0.0,1.5470529810107987,0.39451529801396346,1.010526180267334,1.581477403640747,2.151863157749176,1.0009620189666748,0.39451529801396346,0.003399372100830078,0.0,,,6,6,1.0,0.0,29,29,1.0,0.0,49,49,1.0,0.0,12,12,1.0,0.0,20,20,1.0,0.0,83,83,1.0,0.0,33,33,1.0,0.0,0,False,
house_20,link3_sensor_3,link3,232,232,1.0,0.0,0.0,0.0,0.0,0.0,0.0,0.0,0.0,0.0,0.9375202442551481,0.056811938654529444,0.8591244965791702,0.9277908802032471,1.014630502462387,0.8476474285125732,0.056811938654529444,0.0006430149078369141,0.0,,,6,6,1.0,0.0,29,29,1.0,0.0,49,49,1.0,0.0,12,12,1.0,0.0,20,20,1.0,0.0,83,83,1.0,0.0,33,33,1.0,0.0,0,False,
house_20,link3_sensor_4,link3,232,232,1.0,0.0,0.0,0.0,0.0,0.0,0.0,0.0,0.0,0.0,1.19498613194145,0.03183979457587501,1.1674950778484345,1.2045543789863586,1.2223752796649934,0.8424225449562073,0.03183979457587501,0.00031065940856933594,0.0,,,6,6,1.0,0.0,29,29,1.0,0.0,49,49,1.0,0.0,12,12,1.0,0.0,20,20,1.0,0.0,83,83,1.0,0.0,33,33,1.0,0.0,0,False,
house_20,link3_sensor_5,link3,232,232,1.0,0.0,0.0,0.0,0.0,0.0,0.0,0.0,0.0,0.0,1.004013518321103,0.275835649971007,0.6044064164161682,1.1901191473007202,1.251875114440918,0.5857628583908081,0.275835649971007,0.0005484819412231445,0.0,,,6,6,1.0,0.0,29,29,1.0,0.0,49,49,1.0,0.0,12,12,1.0,0.0,20,20,1.0,0.0,83,83,1.0,0.0,33,33,1.0,0.0,0,False,
house_20,link3_sensor_6,link3,232,232,1.0,0.0,0.0,0.0,0.0,0.0,0.0,0.0,0.0,0.0,1.3219647733815785,0.2590075941826951,0.943211555480957,1.4088337421417236,1.8023017346858978,0.8545444011688232,0.2590075941826951,0.002201080322265625,0.0,,,6,6,1.0,0.0,29,29,1.0,0.0,49,49,1.0,0.0,12,12,1.0,0.0,20,20,1.0,0.0,83,83,1.0,0.0,33,33,1.0,0.0,0,False,
house_20,link3_sensor_7,link3,232,232,1.0,0.5,0.0,0.0,0.0,0.0,0.5,0.0,0.0,0.0,0.4173054425366994,0.147595399660007,0.21207474246621133,0.49969926476478577,0.5580943495035171,0.21058036386966705,0.147595399660007,0.00026410818099975586,0.0,,,6,6,1.0,0.0,29,29,1.0,0.0,49,49,1.0,0.0,12,12,1.0,0.0,20,20,1.0,0.0,83,83,1.0,0.0,33,33,1.0,0.0,0,False,
house_20,link5_sensor_0,link5,232,232,1.0,0.0,0.0,0.0,0.0,0.0,0.0,0.0,0.0,0.0,1.090527389840833,0.1874750129700017,0.7968801349401474,1.199852466583252,1.276740401983261,0.7855732440948486,0.1874750129700017,0.0008069276809692383,0.0,,,6,6,1.0,0.0,29,29,1.0,0.0,49,49,1.0,0.0,12,12,1.0,0.0,20,20,1.0,0.0,83,83,1.0,0.0,33,33,1.0,0.0,0,False,
house_20,link5_sensor_1,link5,232,232,1.0,0.0,0.0,0.0,0.0,0.0,0.0,0.0,0.0,0.0,0.9988160742254093,0.17353928224926635,0.7360125184059143,0.9607076942920685,1.229994249343872,0.7125943303108215,0.17353928224926635,0.001215219497680664,0.0,,,6,6,1.0,0.0,29,29,1.0,0.0,49,49,1.0,0.0,12,12,1.0,0.0,20,20,1.0,0.0,83,83,1.0,0.0,33,33,1.0,0.0,0,False,
house_20,link5_sensor_2,link5,232,232,1.0,0.0,0.0,0.0,0.0,0.0,0.0,0.0,0.0,0.0,0.9903965109381182,0.1193310714466101,0.8655716180801392,0.9385687708854675,1.188092690706253,0.7197002172470093,0.1193310714466101,0.001320958137512207,0.0,,,6,6,1.0,0.0,29,29,1.0,0.0,49,49,1.0,0.0,12,12,1.0,0.0,20,20,1.0,0.0,83,83,1.0,0.0,33,33,1.0,0.0,0,False,
house_20,link5_sensor_3,link5,232,232,1.0,0.9181034482758621,0.15517241379310345,0.0,0.0,0.0,0.9181034482758621,0.15517241379310345,0.0,0.0,0.39737693278183195,0.12093064397812545,0.1938611537218094,0.4537734240293503,0.5488513082265853,0.18913015723228455,0.12093064397812545,0.0028307437896728516,0.15517241379310345,,,6,6,1.0,0.0,29,29,1.0,0.0,49,49,1.0,0.7346938775510204,12,12,1.0,0.0,20,20,1.0,0.0,83,83,1.0,0.0,33,33,1.0,0.0,1,False,
house_20,link5_sensor_4,link5,232,232,1.0,0.7370689655172413,0.0,0.0,0.0,0.0,0.7370689655172413,0.0,0.0,0.0,0.5854848285430464,0.2719983637976332,0.34185191690921785,0.4783127009868622,1.0831809639930725,0.32747697830200195,0.2719983637976332,0.001650780439376831,0.0,,,6,6,1.0,0.0,29,29,1.0,0.0,49,49,1.0,0.0,12,12,1.0,0.0,20,20,1.0,0.0,83,83,1.0,0.0,33,33,1.0,0.0,0,False,
house_20,link5_sensor_5,link5,232,232,1.0,0.0,0.0,0.0,0.0,0.0,0.0,0.0,0.0,0.0,0.9014186006167839,0.16767361459728866,0.702180489897728,0.8614517450332642,1.167559313774109,0.6359368562698364,0.16767361459728866,0.0016943812370300293,0.0,,,6,6,1.0,0.0,29,29,1.0,0.0,49,49,1.0,0.0,12,12,1.0,0.0,20,20,1.0,0.0,83,83,1.0,0.0,33,33,1.0,0.0,0,False,
house_20,link6_sensor_0,link6,232,232,1.0,0.5991379310344828,0.0,0.0,0.0,0.0,0.5991379310344828,0.0,0.0,0.0,0.7297703397685084,0.7046229389762787,0.22794181182980539,0.3103094696998596,2.0514519214630127,0.22535167634487152,0.7046229389762787,0.0009754598140716553,0.0,,,6,6,1.0,0.0,29,29,1.0,0.0,49,49,1.0,0.0,12,12,1.0,0.0,20,20,1.0,0.0,83,83,1.0,0.0,33,33,1.0,0.0,0,False,
house_20,link6_sensor_1,link6,232,232,1.0,0.7456896551724138,0.27586206896551724,0.0,0.0,0.0,0.7456896551724138,0.27586206896551724,0.0,0.0,0.33953448333616915,0.19574351354028907,0.15761599242687224,0.2271246761083603,0.6742076873779297,0.15685702860355377,0.19574351354028907,0.0008633583784103394,0.27586206896551724,,,6,6,1.0,0.0,29,29,1.0,0.10344827586206896,49,49,1.0,1.0,12,12,1.0,1.0,20,20,1.0,0.0,83,83,1.0,0.0,33,33,1.0,0.0,2,False,
house_20,link6_sensor_2,link6,232,232,1.0,0.8146551724137931,0.27586206896551724,0.0,0.0,0.0,0.8146551724137931,0.27586206896551724,0.0,0.0,0.2959119053236369,0.13501127952952915,0.15770235583186148,0.2292940616607666,0.5150710344314575,0.15733680129051208,0.13501127952952915,0.0008520632982254028,0.27586206896551724,,,6,6,1.0,0.0,29,29,1.0,0.13793103448275862,49,49,1.0,1.0,12,12,1.0,0.9166666666666666,20,20,1.0,0.0,83,83,1.0,0.0,33,33,1.0,0.0,2,False,
house_20,link6_sensor_3,link6,232,232,1.0,0.9956896551724138,0.08189655172413793,0.0,0.0,0.0,0.9956896551724138,0.08189655172413793,0.0,0.0,0.3570411873274836,0.11474583641422778,0.19619106128811836,0.398698553442955,0.4812397062778473,0.1617804318666458,0.11474583641422778,0.0021755248308181763,0.08189655172413793,,,6,6,1.0,0.0,29,29,1.0,0.0,49,49,1.0,0.2653061224489796,12,12,1.0,0.5,20,20,1.0,0.0,83,83,1.0,0.0,33,33,1.0,0.0,2,False,
house_20,link6_sensor_4,link6,232,232,1.0,0.9956896551724138,0.4956896551724138,0.0,0.0,0.0,0.9956896551724138,0.4956896551724138,0.0,0.0,0.2766502321023366,0.13845088910522632,0.13688648119568825,0.2021482139825821,0.4800803065299988,0.13199970126152039,0.13845088910522632,0.001242905855178833,0.4956896551724138,,,6,6,1.0,0.8333333333333334,29,29,1.0,0.10344827586206896,49,49,1.0,1.0,12,12,1.0,1.0,20,20,1.0,0.95,83,83,1.0,0.3253012048192771,33,33,1.0,0.0,4,True,activation_spread_across_many_phases
house_20,link6_sensor_5,link6,232,232,1.0,0.8189655172413793,0.27155172413793105,0.0,0.0,0.0,0.8189655172413793,0.27155172413793105,0.0,0.0,0.2985409516198882,0.1350934349754766,0.16027431860566138,0.23241671174764633,0.5213582515716553,0.15992210805416107,0.1350934349754766,0.0009363740682601929,0.27155172413793105,,,6,6,1.0,0.0,29,29,1.0,0.13793103448275862,49,49,1.0,1.0,12,12,1.0,0.8333333333333334,20,20,1.0,0.0,83,83,1.0,0.0,33,33,1.0,0.0,2,False,
house_20,link6_sensor_6,link6,232,232,1.0,0.6982758620689655,0.25862068965517243,0.0,0.0,0.0,0.6982758620689655,0.25862068965517243,0.0,0.0,0.4037377478490616,0.27049364911993584,0.1707224041223526,0.24359475821256638,0.8885746002197266,0.1689651906490326,0.27049364911993584,0.0009131878614425659,0.25862068965517243,,,6,6,1.0,0.0,29,29,1.0,0.034482758620689655,49,49,1.0,1.0,12,12,1.0,0.8333333333333334,20,20,1.0,0.0,83,83,1.0,0.0,33,33,1.0,0.0,2,False,
house_20,link6_sensor_7,link6,232,232,1.0,0.10344827586206896,0.0,0.0,0.0,0.0,0.10344827586206896,0.0,0.0,0.0,0.6476220849516063,0.13625701260351109,0.471170237660408,0.6086429059505463,0.8942450940608978,0.4239310622215271,0.13625701260351109,0.001521080732345581,0.0,,,6,6,1.0,0.0,29,29,1.0,0.0,49,49,1.0,0.0,12,12,1.0,0.0,20,20,1.0,0.0,83,83,1.0,0.0,33,33,1.0,0.0,0,False,
house_21,link2_sensor_0,link2,273,272,0.9963369963369964,0.23529411764705882,0.0,0.0,0.0,0.0,0.23809523809523808,0.003663003663003663,0.003663003663003663,0.003663003663003663,0.862361995393739,0.3240747805898195,0.2861439883708954,0.9801602959632874,1.1986609637737273,0.28614330291748047,0.3240747805898195,0.0027088522911071777,0.0,,,6,5,0.8333333333333334,0.0,58,58,1.0,0.0,58,58,1.0,0.0,15,15,1.0,0.0,20,20,1.0,0.0,83,83,1.0,0.0,33,33,1.0,0.0,0,False,
house_21,link2_sensor_1,link2,273,272,0.9963369963369964,0.0,0.0,0.0,0.0,0.0,0.003663003663003663,0.003663003663003663,0.003663003663003663,0.003663003663003663,0.6946147119297701,0.03906170180178498,0.6427695602178574,0.6911827921867371,0.7458643913269043,0.6417809724807739,0.03906170180178498,0.0004961490631103516,0.0,,,6,5,0.8333333333333334,0.0,58,58,1.0,0.0,58,58,1.0,0.0,15,15,1.0,0.0,20,20,1.0,0.0,83,83,1.0,0.0,33,33,1.0,0.0,0,False,
house_21,link2_sensor_2,link2,273,272,0.9963369963369964,0.0,0.0,0.0,0.0,0.0,0.003663003663003663,0.003663003663003663,0.003663003663003663,0.003663003663003663,0.9005935001460945,0.05651798967040645,0.8027246534824372,0.8913922607898712,1.0174691796302795,0.7956917881965637,0.05651798967040645,0.0027178525924682617,0.0,,,6,5,0.8333333333333334,0.0,58,58,1.0,0.0,58,58,1.0,0.0,15,15,1.0,0.0,20,20,1.0,0.0,83,83,1.0,0.0,33,33,1.0,0.0,0,False,
house_21,link2_sensor_3,link2,273,272,0.9963369963369964,0.36764705882352944,0.0,0.0,0.0,0.0,0.36996336996337,0.003663003663003663,0.003663003663003663,0.003663003663003663,0.5626585078151787,0.21592762397787402,0.2654120191931725,0.6879318356513977,0.7753154635429382,0.26539725065231323,0.21592762397787402,0.0008656978607177734,0.0,,,6,5,0.8333333333333334,0.0,58,58,1.0,0.0,58,58,1.0,0.0,15,15,1.0,0.0,20,20,1.0,0.0,83,83,1.0,0.0,33,33,1.0,0.0,0,False,
house_21,link2_sensor_4,link2,273,272,0.9963369963369964,0.0,0.0,0.0,0.0,0.0,0.003663003663003663,0.003663003663003663,0.003663003663003663,0.003663003663003663,0.6938398587791359,0.021012069115798216,0.6679565876722335,0.6838732361793518,0.7248619019985199,0.6671962141990662,0.021012069115798216,0.0003903508186340332,0.0,,,6,5,0.8333333333333334,0.0,58,58,1.0,0.0,58,58,1.0,0.0,15,15,1.0,0.0,20,20,1.0,0.0,83,83,1.0,0.0,33,33,1.0,0.0,0,False,
house_21,link2_sensor_5,link2,273,272,0.9963369963369964,0.0,0.0,0.0,0.0,0.0,0.003663003663003663,0.003663003663003663,0.003663003663003663,0.003663003663003663,0.6853414368541801,0.029868098454663622,0.6436059415340424,0.6835138201713562,0.7285853624343872,0.6413502097129822,0.029868098454663622,0.0008082389831542969,0.0,,,6,5,0.8333333333333334,0.0,58,58,1.0,0.0,58,58,1.0,0.0,15,15,1.0,0.0,20,20,1.0,0.0,83,83,1.0,0.0,33,33,1.0,0.0,0,False,
house_21,link2_sensor_6,link2,273,272,0.9963369963369964,0.8786764705882353,0.0,0.0,0.0,0.0,0.8791208791208791,0.003663003663003663,0.003663003663003663,0.003663003663003663,0.40034515963976874,0.3533207196439565,0.2268536828458309,0.2753795087337494,1.364904373884201,0.21099542081356049,0.3533207196439565,0.0013424456119537354,0.0,,,6,5,0.8333333333333334,0.0,58,58,1.0,0.0,58,58,1.0,0.0,15,15,1.0,0.0,20,20,1.0,0.0,83,83,1.0,0.0,33,33,1.0,0.0,0,False,
house_21,link3_sensor_0,link3,273,272,0.9963369963369964,0.0,0.0,0.0,0.0,0.0,0.003663003663003663,0.003663003663003663,0.003663003663003663,0.003663003663003663,0.6751885190606117,0.059636268342267,0.5697115033864975,0.7077842950820923,0.734139621257782,0.5687631368637085,0.059636268342267,0.0007150769233703613,0.0,,,6,5,0.8333333333333334,0.0,58,58,1.0,0.0,58,58,1.0,0.0,15,15,1.0,0.0,20,20,1.0,0.0,83,83,1.0,0.0,33,33,1.0,0.0,0,False,
house_21,link3_sensor_1,link3,273,272,0.9963369963369964,0.0,0.0,0.0,0.0,0.0,0.003663003663003663,0.003663003663003663,0.003663003663003663,0.003663003663003663,0.601211873924031,0.05428333433414208,0.5375507771968842,0.5774920284748077,0.678615751862526,0.535406231880188,0.05428333433414208,0.001040041446685791,0.0,,,6,5,0.8333333333333334,0.0,58,58,1.0,0.0,58,58,1.0,0.0,15,15,1.0,0.0,20,20,1.0,0.0,83,83,1.0,0.0,33,33,1.0,0.0,0,False,
house_21,link3_sensor_2,link3,273,272,0.9963369963369964,0.22426470588235295,0.0,0.0,0.0,0.0,0.2271062271062271,0.003663003663003663,0.003663003663003663,0.003663003663003663,1.395673730684554,0.6678277650702966,0.32377993911504743,1.636568307876587,2.3515091776847834,0.31486114859580994,0.6678277650702966,0.011675834655761719,0.0,,,6,5,0.8333333333333334,0.0,58,58,1.0,0.0,58,58,1.0,0.0,15,15,1.0,0.0,20,20,1.0,0.0,83,83,1.0,0.0,33,33,1.0,0.0,0,False,
house_21,link3_sensor_3,link3,273,272,0.9963369963369964,0.22794117647058823,0.0,0.0,0.0,0.0,0.23076923076923078,0.003663003663003663,0.003663003663003663,0.003663003663003663,0.5880764155265163,0.06591707269829343,0.4837181091308594,0.591069370508194,0.6634317636489868,0.48134949803352356,0.06591707269829343,0.0005862712860107422,0.0,,,6,5,0.8333333333333334,0.0,58,58,1.0,0.0,58,58,1.0,0.0,15,15,1.0,0.0,20,20,1.0,0.0,83,83,1.0,0.0,33,33,1.0,0.0,0,False,
house_21,link3_sensor_4,link3,273,272,0.9963369963369964,0.1323529411764706,0.0,0.0,0.0,0.0,0.13553113553113552,0.003663003663003663,0.003663003663003663,0.003663003663003663,0.6168981057536953,0.07423173354724368,0.47823814302682877,0.6420921981334686,0.7039181798696518,0.47610238194465637,0.07423173354724368,0.0007870793342590332,0.0,,,6,5,0.8333333333333334,0.0,58,58,1.0,0.0,58,58,1.0,0.0,15,15,1.0,0.0,20,20,1.0,0.0,83,83,1.0,0.0,33,33,1.0,0.0,0,False,
house_21,link3_sensor_5,link3,273,272,0.9963369963369964,0.0,0.0,0.0,0.0,0.0,0.003663003663003663,0.003663003663003663,0.003663003663003663,0.003663003663003663,0.6925921788548722,0.029064511314676095,0.6555113703012466,0.6893897354602814,0.7571547985076904,0.6532902121543884,0.029064511314676095,0.0009362101554870605,0.0,,,6,5,0.8333333333333334,0.0,58,58,1.0,0.0,58,58,1.0,0.0,15,15,1.0,0.0,20,20,1.0,0.0,83,83,1.0,0.0,33,33,1.0,0.0,0,False,
house_21,link3_sensor_6,link3,273,272,0.9963369963369964,0.0,0.0,0.0,0.0,0.0,0.003663003663003663,0.003663003663003663,0.003663003663003663,0.003663003663003663,1.2997149478863268,0.22747937464545728,1.0211832880973817,1.2904494404792786,1.7087557673454283,1.0019479990005493,0.22747937464545728,0.007535815238952637,0.0,,,6,5,0.8333333333333334,0.0,58,58,1.0,0.0,58,58,1.0,0.0,15,15,1.0,0.0,20,20,1.0,0.0,83,83,1.0,0.0,33,33,1.0,0.0,0,False,
house_21,link3_sensor_7,link3,273,272,0.9963369963369964,0.7536764705882353,0.0,0.0,0.0,0.0,0.7545787545787546,0.003663003663003663,0.003663003663003663,0.003663003663003663,0.44072500205434423,0.32967801869425906,0.2124934934079647,0.47341233491897583,0.5499618053436279,0.21029667556285858,0.32967801869425906,0.0006251931190490723,0.0,,,6,5,0.8333333333333334,0.0,58,58,1.0,0.0,58,58,1.0,0.0,15,15,1.0,0.0,20,20,1.0,0.0,83,83,1.0,0.0,33,33,1.0,0.0,0,False,
house_21,link5_sensor_0,link5,273,272,0.9963369963369964,0.18382352941176472,0.0,0.0,0.0,0.0,0.18681318681318682,0.003663003663003663,0.003663003663003663,0.003663003663003663,0.5720481352113626,0.06871605957387578,0.4764973908662796,0.5523862540721893,0.6774521470069885,0.4760386347770691,0.06871605957387578,0.0015079975128173828,0.0,,,6,5,0.8333333333333334,0.0,58,58,1.0,0.0,58,58,1.0,0.0,15,15,1.0,0.0,20,20,1.0,0.0,83,83,1.0,0.0,33,33,1.0,0.0,0,False,
house_21,link5_sensor_1,link5,273,272,0.9963369963369964,0.5992647058823529,0.0,0.0,0.0,0.0,0.6007326007326007,0.003663003663003663,0.003663003663003663,0.003663003663003663,0.48994596423033404,0.10365778360622299,0.34701101034879683,0.47184549272060394,0.6447259783744812,0.34569934010505676,0.10365778360622299,0.0019246935844421387,0.0,,,6,5,0.8333333333333334,0.0,58,58,1.0,0.0,58,58,1.0,0.0,15,15,1.0,0.0,20,20,1.0,0.0,83,83,1.0,0.0,33,33,1.0,0.0,0,False,
house_21,link5_sensor_2,link5,273,272,0.9963369963369964,0.5110294117647058,0.0,0.0,0.0,0.0,0.5128205128205128,0.003663003663003663,0.003663003663003663,0.003663003663003663,0.5205339901149273,0.09324512374724574,0.390298967063427,0.4952063411474228,0.6541064977645874,0.38885992765426636,0.09324512374724574,0.0017296075820922852,0.0,,,6,5,0.8333333333333334,0.0,58,58,1.0,0.0,58,58,1.0,0.0,15,15,1.0,0.0,20,20,1.0,0.0,83,83,1.0,0.0,33,33,1.0,0.0,0,False,
house_21,link5_sensor_3,link5,273,272,0.9963369963369964,0.6507352941176471,0.0,0.0,0.0,0.0,0.652014652014652,0.003663003663003663,0.003663003663003663,0.003663003663003663,0.4214816772762467,0.14731210348878462,0.2229694716632366,0.3985520750284195,0.6248410940170288,0.22071142494678497,0.14731210348878462,0.002099275588989258,0.0,,,6,5,0.8333333333333334,0.0,58,58,1.0,0.0,58,58,1.0,0.0,15,15,1.0,0.0,20,20,1.0,0.0,83,83,1.0,0.0,33,33,1.0,0.0,0,False,
house_21,link5_sensor_4,link5,273,272,0.9963369963369964,0.5147058823529411,0.0,0.0,0.0,0.0,0.5164835164835165,0.003663003663003663,0.003663003663003663,0.003663003663003663,0.48587017057134824,0.0951624320588009,0.3470509976148605,0.4933096468448639,0.6215591430664062,0.3397449851036072,0.0951624320588009,0.001963496208190918,0.0,,,6,5,0.8333333333333334,0.0,58,58,1.0,0.0,58,58,1.0,0.0,15,15,1.0,0.0,20,20,1.0,0.0,83,83,1.0,0.0,33,33,1.0,0.0,0,False,
house_21,link5_sensor_5,link5,273,272,0.9963369963369964,0.5845588235294118,0.0,0.0,0.0,0.0,0.5860805860805861,0.003663003663003663,0.003663003663003663,0.003663003663003663,0.49627631234333797,0.10881176104457546,0.3520883843302727,0.4722204804420471,0.6624088287353516,0.35083237290382385,0.10881176104457546,0.0020821094512939453,0.0,,,6,5,0.8333333333333334,0.0,58,58,1.0,0.0,58,58,1.0,0.0,15,15,1.0,0.0,20,20,1.0,0.0,83,83,1.0,0.0,33,33,1.0,0.0,0,False,
house_21,link6_sensor_0,link6,273,272,0.9963369963369964,1.0,0.3639705882352941,0.0,0.0,0.0,1.0,0.3663003663003663,0.003663003663003663,0.003663003663003663,0.24828238514087655,0.08146953214454976,0.1316118583083153,0.24627340584993362,0.4234356686472892,0.11468220502138138,0.08146953214454976,0.0011114031076431274,0.3639705882352941,,,6,5,0.8333333333333334,1.0,58,58,1.0,0.29310344827586204,58,58,1.0,0.0,15,15,1.0,0.0,20,20,1.0,1.0,83,83,1.0,0.2891566265060241,33,33,1.0,1.0,4,True,activation_spread_across_many_phases
house_21,link6_sensor_1,link6,273,272,0.9963369963369964,0.9889705882352942,0.16176470588235295,0.0,0.0,0.0,0.989010989010989,0.16483516483516483,0.003663003663003663,0.003663003663003663,0.27784285236917,0.09101328673687574,0.14740076288580894,0.28006939589977264,0.449040649831295,0.12207932025194168,0.09101328673687574,0.0013692080974578857,0.16176470588235295,,,6,5,0.8333333333333334,0.0,58,58,1.0,0.08620689655172414,58,58,1.0,0.0,15,15,1.0,0.0,20,20,1.0,0.0,83,83,1.0,0.07228915662650602,33,33,1.0,1.0,1,False,
house_21,link6_sensor_2,link6,273,272,0.9963369963369964,0.8308823529411765,0.0,0.0,0.0,0.0,0.8315018315018315,0.003663003663003663,0.003663003663003663,0.003663003663003663,0.34233371907954707,0.10879743678171855,0.2164597049355507,0.28531883656978607,0.5285158753395081,0.21561282873153687,0.10879743678171855,0.0006447136402130127,0.0,,,6,5,0.8333333333333334,0.0,58,58,1.0,0.0,58,58,1.0,0.0,15,15,1.0,0.0,20,20,1.0,0.0,83,83,1.0,0.0,33,33,1.0,0.0,0,False,
house_21,link6_sensor_3,link6,273,272,0.9963369963369964,0.5772058823529411,0.0,0.0,0.0,0.0,0.5787545787545788,0.003663003663003663,0.003663003663003663,0.003663003663003663,0.45554996314732465,0.17870562632570405,0.22010884806513786,0.41825246810913086,0.7099857926368713,0.2190704494714737,0.17870562632570405,0.002409517765045166,0.0,,,6,5,0.8333333333333334,0.0,58,58,1.0,0.0,58,58,1.0,0.0,15,15,1.0,0.0,20,20,1.0,0.0,83,83,1.0,0.0,33,33,1.0,0.0,0,False,
house_21,link6_sensor_4,link6,273,272,0.9963369963369964,0.8308823529411765,0.0,0.0,0.0,0.0,0.8315018315018315,0.003663003663003663,0.003663003663003663,0.003663003663003663,0.3643901007907355,0.10881227517892685,0.22327032461762428,0.3322913497686386,0.5311961770057678,0.22229893505573273,0.10881227517892685,0.0008584409952163696,0.0,,,6,5,0.8333333333333334,0.0,58,58,1.0,0.0,58,58,1.0,0.0,15,15,1.0,0.0,20,20,1.0,0.0,83,83,1.0,0.0,33,33,1.0,0.0,0,False,
house_21,link6_sensor_5,link6,273,272,0.9963369963369964,0.8088235294117647,0.0,0.0,0.0,0.0,0.8095238095238095,0.003663003663003663,0.003663003663003663,0.003663003663003663,0.33723969960256533,0.11773219598795398,0.20556586757302284,0.274101659655571,0.5406233072280884,0.20475640892982483,0.11773219598795398,0.0007632970809936523,0.0,,,6,5,0.8333333333333334,0.0,58,58,1.0,0.0,58,58,1.0,0.0,15,15,1.0,0.0,20,20,1.0,0.0,83,83,1.0,0.0,33,33,1.0,0.0,0,False,
house_21,link6_sensor_6,link6,273,272,0.9963369963369964,1.0,0.20220588235294118,0.0,0.0,0.0,1.0,0.20512820512820512,0.003663003663003663,0.003663003663003663,0.2582690454471637,0.08461568661504906,0.1387946091592312,0.26576246321201324,0.42493834644556044,0.11806904524564743,0.08461568661504906,0.0011100918054580688,0.20220588235294118,,,6,5,0.8333333333333334,0.0,58,58,1.0,0.15517241379310345,58,58,1.0,0.0,15,15,1.0,0.0,20,20,1.0,0.0,83,83,1.0,0.1566265060240964,33,33,1.0,1.0,1,False,
house_21,link6_sensor_7,link6,273,272,0.9963369963369964,0.5919117647058824,0.0,0.0,0.0,0.0,0.5934065934065934,0.003663003663003663,0.003663003663003663,0.003663003663003663,0.4812460886862348,0.15419830133402676,0.28319884538650514,0.44598253071308136,0.7123238444328308,0.28029119968414307,0.15419830133402676,0.0024813413619995117,0.0,,,6,5,0.8333333333333334,0.0,58,58,1.0,0.0,58,58,1.0,0.0,15,15,1.0,0.0,20,20,1.0,0.0,83,83,1.0,0.0,33,33,1.0,0.0,0,False,
house_23,link2_sensor_0,link2,288,287,0.9965277777777778,1.0,0.0,0.0,0.0,0.0,1.0,0.003472222222222222,0.003472222222222222,0.003472222222222222,0.3354808104578211,0.02840711000785735,0.28613284826278684,0.3440632224082947,0.3652013301849365,0.28350505232810974,0.02840711000785735,0.00024196505546569824,0.0,,,7,6,0.8571428571428571,0.0,30,30,1.0,0.0,95,95,1.0,0.0,22,22,1.0,0.0,18,18,1.0,0.0,83,83,1.0,0.0,33,33,1.0,0.0,0,False,
house_23,link2_sensor_1,link2,288,287,0.9965277777777778,0.7073170731707317,0.0,0.0,0.0,0.0,0.7083333333333334,0.003472222222222222,0.003472222222222222,0.003472222222222222,0.46402864620245293,0.09542436461534831,0.24139497876167298,0.463104248046875,0.6101582646369934,0.2196628898382187,0.09542436461534831,0.0012238025665283203,0.0,,,7,6,0.8571428571428571,0.0,30,30,1.0,0.0,95,95,1.0,0.0,22,22,1.0,0.0,18,18,1.0,0.0,83,83,1.0,0.0,33,33,1.0,0.0,0,False,
house_23,link2_sensor_2,link2,288,287,0.9965277777777778,1.0,0.0,0.0,0.0,0.0,1.0,0.003472222222222222,0.003472222222222222,0.003472222222222222,0.3974041211895826,0.011254278185364518,0.3790749400854111,0.402953177690506,0.41189239025115965,0.3781348764896393,0.011254278185364518,0.00013680756092071533,0.0,,,7,6,0.8571428571428571,0.0,30,30,1.0,0.0,95,95,1.0,0.0,22,22,1.0,0.0,18,18,1.0,0.0,83,83,1.0,0.0,33,33,1.0,0.0,0,False,
house_23,link2_sensor_3,link2,288,287,0.9965277777777778,0.6759581881533101,0.0,0.0,0.0,0.0,0.6770833333333334,0.003472222222222222,0.003472222222222222,0.003472222222222222,0.4484504561494867,0.1052206280920691,0.24444250762462616,0.4871038496494293,0.5998146295547485,0.2244306206703186,0.1052206280920691,0.0019468814134597778,0.0,,,7,6,0.8571428571428571,0.0,30,30,1.0,0.0,95,95,1.0,0.0,22,22,1.0,0.0,18,18,1.0,0.0,83,83,1.0,0.0,33,33,1.0,0.0,0,False,
house_23,link2_sensor_4,link2,288,287,0.9965277777777778,1.0,0.0,0.0,0.0,0.0,1.0,0.003472222222222222,0.003472222222222222,0.003472222222222222,0.36929874973637716,0.028617711514941135,0.3626877576112747,0.3705528974533081,0.3991735607385635,0.22819705307483673,0.028617711514941135,0.0001989305019378662,0.0,,,7,6,0.8571428571428571,0.0,30,30,1.0,0.0,95,95,1.0,0.0,22,22,1.0,0.0,18,18,1.0,0.0,83,83,1.0,0.0,33,33,1.0,0.0,0,False,
house_23,link2_sensor_5,link2,288,287,0.9965277777777778,1.0,0.0,0.0,0.0,0.0,1.0,0.003472222222222222,0.003472222222222222,0.003472222222222222,0.34899232741640007,0.018720451026205596,0.3357382506132126,0.34740906953811646,0.37867707312107085,0.22054685652256012,0.018720451026205596,0.0002654343843460083,0.0,,,7,6,0.8571428571428571,0.0,30,30,1.0,0.0,95,95,1.0,0.0,22,22,1.0,0.0,18,18,1.0,0.0,83,83,1.0,0.0,33,33,1.0,0.0,0,False,
house_23,link2_sensor_6,link2,288,287,0.9965277777777778,1.0,0.0,0.0,0.0,0.0,1.0,0.003472222222222222,0.003472222222222222,0.003472222222222222,0.2587765852956406,0.009195680614358409,0.2436390921473503,0.2578716576099396,0.27611992657184603,0.24226558208465576,0.009195680614358409,0.0008111819624900818,0.0,,,7,6,0.8571428571428571,0.0,30,30,1.0,0.0,95,95,1.0,0.0,22,22,1.0,0.0,18,18,1.0,0.0,83,83,1.0,0.0,33,33,1.0,0.0,0,False,
house_23,link3_sensor_0,link3,288,287,0.9965277777777778,1.0,0.0,0.0,0.0,0.0,1.0,0.003472222222222222,0.003472222222222222,0.003472222222222222,0.3928753774132878,0.014970539617931022,0.3708035349845886,0.39126643538475037,0.4171772748231888,0.3708033263683319,0.014970539617931022,0.0003793090581893921,0.0,,,7,6,0.8571428571428571,0.0,30,30,1.0,0.0,95,95,1.0,0.0,22,22,1.0,0.0,18,18,1.0,0.0,83,83,1.0,0.0,33,33,1.0,0.0,0,False,
house_23,link3_sensor_1,link3,288,287,0.9965277777777778,1.0,0.0,0.0,0.0,0.0,1.0,0.003472222222222222,0.003472222222222222,0.003472222222222222,0.3074262805724393,0.01753771468287428,0.28403913974761963,0.30691200494766235,0.3447567969560623,0.2837170958518982,0.01753771468287428,0.00023852288722991943,0.0,,,7,6,0.8571428571428571,0.0,30,30,1.0,0.0,95,95,1.0,0.0,22,22,1.0,0.0,18,18,1.0,0.0,83,83,1.0,0.0,33,33,1.0,0.0,0,False,
house_23,link3_sensor_2,link3,288,287,0.9965277777777778,0.3344947735191638,0.0,0.0,0.0,0.0,0.3368055555555556,0.003472222222222222,0.003472222222222222,0.003472222222222222,0.7085928585678858,0.4644264629111797,0.24485726654529572,0.7094191312789917,1.4197622418403626,0.24485628306865692,0.4644264629111797,0.002352088689804077,0.0,,,7,6,0.8571428571428571,0.0,30,30,1.0,0.0,95,95,1.0,0.0,22,22,1.0,0.0,18,18,1.0,0.0,83,83,1.0,0.0,33,33,1.0,0.0,0,False,
house_23,link3_sensor_3,link3,288,287,0.9965277777777778,1.0,0.0,0.0,0.0,0.0,1.0,0.003472222222222222,0.003472222222222222,0.003472222222222222,0.31542217108430765,0.018521694625738456,0.29149733781814574,0.31356167793273926,0.3491088360548019,0.2903676927089691,0.018521694625738456,0.00028915703296661377,0.0,,,7,6,0.8571428571428571,0.0,30,30,1.0,0.0,95,95,1.0,0.0,22,22,1.0,0.0,18,18,1.0,0.0,83,83,1.0,0.0,33,33,1.0,0.0,0,False,
house_23,link3_sensor_4,link3,288,287,0.9965277777777778,1.0,0.0,0.0,0.0,0.0,1.0,0.003472222222222222,0.003472222222222222,0.003472222222222222,0.32420200742910965,0.017412641957525024,0.2970456600189209,0.3231809139251709,0.3513163238763809,0.2902049720287323,0.017412641957525024,0.0004922300577163696,0.0,,,7,6,0.8571428571428571,0.0,30,30,1.0,0.0,95,95,1.0,0.0,22,22,1.0,0.0,18,18,1.0,0.0,83,83,1.0,0.0,33,33,1.0,0.0,0,False,
house_23,link3_sensor_5,link3,288,287,0.9965277777777778,1.0,0.0,0.0,0.0,0.0,1.0,0.003472222222222222,0.003472222222222222,0.003472222222222222,0.3359467301011501,0.02538938844240569,0.30656918585300447,0.3375374674797058,0.3837098449468613,0.2981709837913513,0.02538938844240569,0.0005137473344802856,0.0,,,7,6,0.8571428571428571,0.0,30,30,1.0,0.0,95,95,1.0,0.0,22,22,1.0,0.0,18,18,1.0,0.0,83,83,1.0,0.0,33,33,1.0,0.0,0,False,
house_23,link3_sensor_6,link3,288,287,0.9965277777777778,0.43902439024390244,0.0,0.0,0.0,0.0,0.4409722222222222,0.003472222222222222,0.003472222222222222,0.003472222222222222,0.5187659583440641,0.07665125444389606,0.4255887567996979,0.5285674929618835,0.6499080777168273,0.34370148181915283,0.07665125444389606,0.0015703439712524414,0.0,,,7,6,0.8571428571428571,0.0,30,30,1.0,0.0,95,95,1.0,0.0,22,22,1.0,0.0,18,18,1.0,0.0,83,83,1.0,0.0,33,33,1.0,0.0,0,False,
house_23,link3_sensor_7,link3,288,287,0.9965277777777778,0.5331010452961672,0.0,0.0,0.0,0.0,0.5347222222222222,0.003472222222222222,0.003472222222222222,0.003472222222222222,0.39076104806898365,0.146797909249872,0.21058115363121033,0.49007555842399597,0.5471922993659973,0.20703749358654022,0.146797909249872,0.0005736425518989563,0.0,,,7,6,0.8571428571428571,0.0,30,30,1.0,0.0,95,95,1.0,0.0,22,22,1.0,0.0,18,18,1.0,0.0,83,83,1.0,0.0,33,33,1.0,0.0,0,False,
house_23,link5_sensor_0,link5,288,287,0.9965277777777778,1.0,0.0,0.0,0.0,0.0,1.0,0.003472222222222222,0.003472222222222222,0.003472222222222222,0.3225330468461904,0.06721813787621368,0.2284378707408905,0.35610342025756836,0.40905553102493286,0.22775240242481232,0.06721813787621368,0.000411108136177063,0.0,,,7,6,0.8571428571428571,0.0,30,30,1.0,0.0,95,95,1.0,0.0,22,22,1.0,0.0,18,18,1.0,0.0,83,83,1.0,0.0,33,33,1.0,0.0,0,False,
house_23,link5_sensor_1,link5,288,287,0.9965277777777778,1.0,0.2682926829268293,0.0,0.0,0.0,1.0,0.2708333333333333,0.003472222222222222,0.003472222222222222,0.29551557812333523,0.09053108777265792,0.16933193504810334,0.34191596508026123,0.41326192021369934,0.16823461651802063,0.09053108777265792,0.0005481094121932983,0.2682926829268293,,,7,6,0.8571428571428571,0.0,30,30,1.0,0.06666666666666667,95,95,1.0,0.7157894736842105,22,22,1.0,0.3181818181818182,18,18,1.0,0.0,83,83,1.0,0.0,33,33,1.0,0.0,2,False,
house_23,link5_sensor_2,link5,288,287,0.9965277777777778,1.0,0.0,0.0,0.0,0.0,1.0,0.003472222222222222,0.003472222222222222,0.003472222222222222,0.30753541553477376,0.07023512494521356,0.21186393946409227,0.35238781571388245,0.38393887877464294,0.21083728969097137,0.07023512494521356,0.00028312206268310547,0.0,,,7,6,0.8571428571428571,0.0,30,30,1.0,0.0,95,95,1.0,0.0,22,22,1.0,0.0,18,18,1.0,0.0,83,83,1.0,0.0,33,33,1.0,0.0,0,False,
house_23,link5_sensor_3,link5,288,287,0.9965277777777778,1.0,0.2787456445993031,0.0,0.0,0.0,1.0,0.28125,0.003472222222222222,0.003472222222222222,0.29359683015412985,0.10489657297849835,0.14841107428073883,0.34312933683395386,0.43193960189819336,0.1476152390241623,0.10489657297849835,0.0007279440760612488,0.2787456445993031,,,7,6,0.8571428571428571,0.0,30,30,1.0,0.1,95,95,1.0,0.7157894736842105,22,22,1.0,0.4090909090909091,18,18,1.0,0.0,83,83,1.0,0.0,33,33,1.0,0.0,2,False,
house_23,link5_sensor_4,link5,288,287,0.9965277777777778,1.0,0.16376306620209058,0.0,0.0,0.0,1.0,0.16666666666666666,0.003472222222222222,0.003472222222222222,0.2926898110099786,0.08160510326122938,0.16786173433065416,0.3377273678779602,0.39195218682289124,0.16301928460597992,0.08160510326122938,0.0006943345069885254,0.16376306620209058,,,7,6,0.8571428571428571,0.0,30,30,1.0,0.03333333333333333,95,95,1.0,0.4,22,22,1.0,0.36363636363636365,18,18,1.0,0.0,83,83,1.0,0.0,33,33,1.0,0.0,2,False,
house_23,link5_sensor_5,link5,288,287,0.9965277777777778,1.0,0.16376306620209058,0.0,0.0,0.0,1.0,0.16666666666666666,0.003472222222222222,0.003472222222222222,0.30626729509764017,0.0836446410812396,0.18702857941389084,0.35822415351867676,0.4011304974555969,0.18591801822185516,0.0836446410812396,0.0003650486469268799,0.16376306620209058,,,7,6,0.8571428571428571,0.0,30,30,1.0,0.0,95,95,1.0,0.45263157894736844,22,22,1.0,0.18181818181818182,18,18,1.0,0.0,83,83,1.0,0.0,33,33,1.0,0.0,1,False,
house_23,link6_sensor_0,link6,288,287,0.9965277777777778,0.15331010452961671,0.0,0.0,0.0,0.0,0.15625,0.003472222222222222,0.003472222222222222,0.003472222222222222,0.6033986708220704,0.11944867806282848,0.33391331434249877,0.6315078139305115,0.7379865229129791,0.2995547652244568,0.11944867806282848,0.0011748671531677246,0.0,,,7,6,0.8571428571428571,0.0,30,30,1.0,0.0,95,95,1.0,0.0,22,22,1.0,0.0,18,18,1.0,0.0,83,83,1.0,0.0,33,33,1.0,0.0,0,False,
house_23,link6_sensor_1,link6,288,287,0.9965277777777778,0.2578397212543554,0.006968641114982578,0.006968641114982578,0.006968641114982578,0.006968641114982578,0.2604166666666667,0.010416666666666666,0.010416666666666666,0.010416666666666666,0.5661004481103777,0.0982219083246515,0.4306359261274338,0.5823343992233276,0.6928661882877349,0.04367376118898392,0.0982219083246515,0.0016740858554840088,0.006968641114982578,,,7,6,0.8571428571428571,0.0,30,30,1.0,0.0,95,95,1.0,0.010526315789473684,22,22,1.0,0.0,18,18,1.0,0.0,83,83,1.0,0.012048192771084338,33,33,1.0,0.0,0,False,
house_23,link6_sensor_2,link6,288,287,0.9965277777777778,0.5888501742160279,0.0,0.0,0.0,0.0,0.5902777777777778,0.003472222222222222,0.003472222222222222,0.003472222222222222,0.49114340751428637,0.11748334225352033,0.295312887430191,0.4590761959552765,0.667258620262146,0.28502464294433594,0.11748334225352033,0.00257013738155365,0.0,,,7,6,0.8571428571428571,0.0,30,30,1.0,0.0,95,95,1.0,0.0,22,22,1.0,0.0,18,18,1.0,0.0,83,83,1.0,0.0,33,33,1.0,0.0,0,False,
house_23,link6_sensor_3,link6,288,287,0.9965277777777778,0.7804878048780488,0.17073170731707318,0.0,0.0,0.0,0.78125,0.1736111111111111,0.003472222222222222,0.003472222222222222,0.3723104534352698,0.13399550224234774,0.19575537294149398,0.4160190224647522,0.5688270330429077,0.1926703155040741,0.13399550224234774,0.0007865428924560547,0.17073170731707318,,,7,6,0.8571428571428571,0.0,30,30,1.0,0.0,95,95,1.0,0.49473684210526314,22,22,1.0,0.09090909090909091,18,18,1.0,0.0,83,83,1.0,0.0,33,33,1.0,0.0,1,False,
house_23,link6_sensor_4,link6,288,287,0.9965277777777778,0.6585365853658537,0.06968641114982578,0.0,0.0,0.0,0.6597222222222222,0.07291666666666667,0.003472222222222222,0.003472222222222222,0.43647731736769657,0.16893090782462594,0.19711603224277496,0.43931275606155396,0.6817520260810852,0.19393642246723175,0.16893090782462594,0.0013027787208557129,0.06968641114982578,,,7,6,0.8571428571428571,0.0,30,30,1.0,0.0,95,95,1.0,0.21052631578947367,22,22,1.0,0.0,18,18,1.0,0.0,83,83,1.0,0.0,33,33,1.0,0.0,1,False,
house_23,link6_sensor_5,link6,288,287,0.9965277777777778,0.6062717770034843,0.0,0.0,0.0,0.0,0.6076388888888888,0.003472222222222222,0.003472222222222222,0.003472222222222222,0.47487822330787205,0.13471293355117955,0.28958813548088075,0.4457322955131531,0.6791738867759705,0.28226613998413086,0.13471293355117955,0.002639979124069214,0.0,,,7,6,0.8571428571428571,0.0,30,30,1.0,0.0,95,95,1.0,0.0,22,22,1.0,0.0,18,18,1.0,0.0,83,83,1.0,0.0,33,33,1.0,0.0,0,False,
house_23,link6_sensor_6,link6,288,287,0.9965277777777778,0.4250871080139373,0.0,0.0,0.0,0.0,0.4270833333333333,0.003472222222222222,0.003472222222222222,0.003472222222222222,0.5349736774424643,0.11453616234487579,0.32652792036533357,0.5504646301269531,0.6835786521434783,0.29171863198280334,0.11453616234487579,0.002156078815460205,0.0,,,7,6,0.8571428571428571,0.0,30,30,1.0,0.0,95,95,1.0,0.0,22,22,1.0,0.0,18,18,1.0,0.0,83,83,1.0,0.0,33,33,1.0,0.0,0,False,
house_23,link6_sensor_7,link6,288,287,0.9965277777777778,1.0,0.0,0.0,0.0,0.0,1.0,0.003472222222222222,0.003472222222222222,0.003472222222222222,0.3618804600596012,0.11492804261761072,0.2019116535782814,0.4300464987754822,0.4966733455657959,0.2010791152715683,0.11492804261761072,0.0005105882883071899,0.0,,,7,6,0.8571428571428571,0.0,30,30,1.0,0.0,95,95,1.0,0.0,22,22,1.0,0.0,18,18,1.0,0.0,83,83,1.0,0.0,33,33,1.0,0.0,0,False,
house_29,link2_sensor_0,link2,254,253,0.9960629921259843,0.32806324110671936,0.011857707509881422,0.011857707509881422,0.011857707509881422,0.011857707509881422,0.33070866141732286,0.015748031496062992,0.015748031496062992,0.015748031496062992,1.0609671594685481,0.5418180302734639,0.28613343834877014,1.417295217514038,1.4910964965820312,0.042532432824373245,0.5418180302734639,0.001301407814025879,0.011857707509881422,,,6,5,0.8333333333333334,0.0,37,37,1.0,0.0,59,59,1.0,0.0,14,14,1.0,0.0,22,22,1.0,0.0,83,83,1.0,0.03614457831325301,33,33,1.0,0.0,0,False,
house_29,link2_sensor_1,link2,254,253,0.9960629921259843,0.36363636363636365,0.0,0.0,0.0,0.0,0.3661417322834646,0.003937007874015748,0.003937007874015748,0.003937007874015748,0.6678410139479656,0.19826509712781454,0.3534017860889435,0.7594287991523743,0.86795893907547,0.2947027385234833,0.19826509712781454,0.0008991360664367676,0.0,,,6,5,0.8333333333333334,0.0,37,37,1.0,0.0,59,59,1.0,0.0,14,14,1.0,0.0,22,22,1.0,0.0,83,83,1.0,0.0,33,33,1.0,0.0,0,False,
house_29,link2_sensor_2,link2,254,253,0.9960629921259843,0.003952569169960474,0.003952569169960474,0.003952569169960474,0.003952569169960474,0.003952569169960474,0.007874015748031496,0.007874015748031496,0.007874015748031496,0.007874015748031496,1.4618745250222476,0.09891711358018154,1.3989034652709962,1.4565620422363281,1.5285100221633912,0.042532432824373245,0.09891711358018154,0.0010362863540649414,0.003952569169960474,,,6,5,0.8333333333333334,0.0,37,37,1.0,0.0,59,59,1.0,0.0,14,14,1.0,0.0,22,22,1.0,0.0,83,83,1.0,0.012048192771084338,33,33,1.0,0.0,0,False,
house_29,link2_sensor_3,link2,254,253,0.9960629921259843,0.5296442687747036,0.0,0.0,0.0,0.0,0.531496062992126,0.003937007874015748,0.003937007874015748,0.003937007874015748,0.44419561073242914,0.14403806140947575,0.2620435357093811,0.4140452742576599,0.6208316087722778,0.25309062004089355,0.14403806140947575,0.0011016428470611572,0.0,,,6,5,0.8333333333333334,0.0,37,37,1.0,0.0,59,59,1.0,0.0,14,14,1.0,0.0,22,22,1.0,0.0,83,83,1.0,0.0,33,33,1.0,0.0,0,False,
house_29,link2_sensor_4,link2,254,253,0.9960629921259843,0.0,0.0,0.0,0.0,0.0,0.003937007874015748,0.003937007874015748,0.003937007874015748,0.003937007874015748,1.188163828001663,0.036009039643130375,1.1389904975891114,1.180578351020813,1.2372316360473632,1.1389801502227783,0.036009039643130375,0.00039058923721313477,0.0,,,6,5,0.8333333333333334,0.0,37,37,1.0,0.0,59,59,1.0,0.0,14,14,1.0,0.0,22,22,1.0,0.0,83,83,1.0,0.0,33,33,1.0,0.0,0,False,
house_29,link2_sensor_5,link2,254,253,0.9960629921259843,0.0,0.0,0.0,0.0,0.0,0.003937007874015748,0.003937007874015748,0.003937007874015748,0.003937007874015748,1.2275333399829187,0.05468374773732506,1.140784001350403,1.2313233613967896,1.289011001586914,1.1407651901245117,0.05468374773732506,0.0005265474319458008,0.0,,,6,5,0.8333333333333334,0.0,37,37,1.0,0.0,59,59,1.0,0.0,14,14,1.0,0.0,22,22,1.0,0.0,83,83,1.0,0.0,33,33,1.0,0.0,0,False,
house_29,link2_sensor_6,link2,254,253,0.9960629921259843,1.0,0.0,0.0,0.0,0.0,1.0,0.003937007874015748,0.003937007874015748,0.003937007874015748,0.24464846134421384,0.01226595781376606,0.22612905204296113,0.2443840354681015,0.2653782904148102,0.21750642359256744,0.01226595781376606,0.0003265291452407837,0.0,,,6,5,0.8333333333333334,0.0,37,37,1.0,0.0,59,59,1.0,0.0,14,14,1.0,0.0,22,22,1.0,0.0,83,83,1.0,0.0,33,33,1.0,0.0,0,False,
house_29,link3_sensor_0,link3,254,253,0.9960629921259843,0.0,0.0,0.0,0.0,0.0,0.003937007874015748,0.003937007874015748,0.003937007874015748,0.003937007874015748,1.350303015690076,0.12267820778061023,1.1928913593292236,1.4187378883361816,1.5019004821777344,1.1906169652938843,0.12267820778061023,0.0011379718780517578,0.0,,,6,5,0.8333333333333334,0.0,37,37,1.0,0.0,59,59,1.0,0.0,14,14,1.0,0.0,22,22,1.0,0.0,83,83,1.0,0.0,33,33,1.0,0.0,0,False,
house_29,link3_sensor_1,link3,254,253,0.9960629921259843,0.0,0.0,0.0,0.0,0.0,0.003937007874015748,0.003937007874015748,0.003937007874015748,0.003937007874015748,1.1056284574651907,0.13204884246328213,0.9368380546569824,1.111353874206543,1.3193332195281982,0.8701822757720947,0.13204884246328213,0.001068711280822754,0.0,,,6,5,0.8333333333333334,0.0,37,37,1.0,0.0,59,59,1.0,0.0,14,14,1.0,0.0,22,22,1.0,0.0,83,83,1.0,0.0,33,33,1.0,0.0,0,False,
house_29,link3_sensor_2,link3,254,253,0.9960629921259843,0.0,0.0,0.0,0.0,0.0,0.003937007874015748,0.003937007874015748,0.003937007874015748,0.003937007874015748,0.6682455063808577,0.02189713336613961,0.6428335547447205,0.6694364547729492,0.7041447758674622,0.6408421397209167,0.02189713336613961,0.0002983212471008301,0.0,,,6,5,0.8333333333333334,0.0,37,37,1.0,0.0,59,59,1.0,0.0,14,14,1.0,0.0,22,22,1.0,0.0,83,83,1.0,0.0,33,33,1.0,0.0,0,False,
house_29,link3_sensor_3,link3,254,253,0.9960629921259843,0.0,0.0,0.0,0.0,0.0,0.003937007874015748,0.003937007874015748,0.003937007874015748,0.003937007874015748,1.096325688682526,0.0505405855833723,1.0385475158691406,1.074903130531311,1.1758499145507812,1.0290093421936035,0.0505405855833723,0.0007124543190002441,0.0,,,6,5,0.8333333333333334,0.0,37,37,1.0,0.0,59,59,1.0,0.0,14,14,1.0,0.0,22,22,1.0,0.0,83,83,1.0,0.0,33,33,1.0,0.0,0,False,
house_29,link3_sensor_4,link3,254,253,0.9960629921259843,0.0,0.0,0.0,0.0,0.0,0.003937007874015748,0.003937007874015748,0.003937007874015748,0.003937007874015748,1.2226264189354517,0.12618226569342988,1.0284327030181886,1.193672776222229,1.4012373208999633,1.0283795595169067,0.12618226569342988,0.0027126669883728027,0.0,,,6,5,0.8333333333333334,0.0,37,37,1.0,0.0,59,59,1.0,0.0,14,14,1.0,0.0,22,22,1.0,0.0,83,83,1.0,0.0,33,33,1.0,0.0,0,False,
house_29,link3_sensor_5,link3,254,253,0.9960629921259843,0.0,0.0,0.0,0.0,0.0,0.003937007874015748,0.003937007874015748,0.003937007874015748,0.003937007874015748,1.2986307313790906,0.27540539362553457,0.8087834596633912,1.383432149887085,1.617448616027832,0.7903797030448914,0.27540539362553457,0.003508329391479492,0.0,,,6,5,0.8333333333333334,0.0,37,37,1.0,0.0,59,59,1.0,0.0,14,14,1.0,0.0,22,22,1.0,0.0,83,83,1.0,0.0,33,33,1.0,0.0,0,False,
house_29,link3_sensor_6,link3,254,253,0.9960629921259843,0.0,0.0,0.0,0.0,0.0,0.003937007874015748,0.003937007874015748,0.003937007874015748,0.003937007874015748,1.1229198874221018,0.21813387941061468,0.8162981867790222,1.0366847515106201,1.4027707576751705,0.8151921033859253,0.21813387941061468,0.0016922950744628906,0.0,,,6,5,0.8333333333333334,0.0,37,37,1.0,0.0,59,59,1.0,0.0,14,14,1.0,0.0,22,22,1.0,0.0,83,83,1.0,0.0,33,33,1.0,0.0,0,False,
house_29,link3_sensor_7,link3,254,253,0.9960629921259843,0.83399209486166,0.0,0.0,0.0,0.0,0.8346456692913385,0.003937007874015748,0.003937007874015748,0.003937007874015748,0.37480999441014917,0.12576849552652278,0.21249075829982758,0.46242982149124146,0.5282357335090637,0.21057942509651184,0.12576849552652278,0.00046615302562713623,0.0,,,6,5,0.8333333333333334,0.0,37,37,1.0,0.0,59,59,1.0,0.0,14,14,1.0,0.0,22,22,1.0,0.0,83,83,1.0,0.0,33,33,1.0,0.0,0,False,
house_29,link5_sensor_0,link5,254,253,0.9960629921259843,0.0,0.0,0.0,0.0,0.0,0.003937007874015748,0.003937007874015748,0.003937007874015748,0.003937007874015748,1.2872208889294048,0.13002063976273023,1.1406198501586915,1.2821617126464844,1.5059098482131958,1.1304032802581787,0.13002063976273023,0.0016795992851257324,0.0,,,6,5,0.8333333333333334,0.0,37,37,1.0,0.0,59,59,1.0,0.0,14,14,1.0,0.0,22,22,1.0,0.0,83,83,1.0,0.0,33,33,1.0,0.0,0,False,
house_29,link5_sensor_1,link5,254,253,0.9960629921259843,0.0,0.0,0.0,0.0,0.0,0.003937007874015748,0.003937007874015748,0.003937007874015748,0.003937007874015748,1.1926714935792764,0.10759986335582672,1.069024395942688,1.1564022302627563,1.410964012145996,1.0541819334030151,0.10759986335582672,0.0021773576736450195,0.0,,,6,5,0.8333333333333334,0.0,37,37,1.0,0.0,59,59,1.0,0.0,14,14,1.0,0.0,22,22,1.0,0.0,83,83,1.0,0.0,33,33,1.0,0.0,0,False,
house_29,link5_sensor_2,link5,254,253,0.9960629921259843,0.0,0.0,0.0,0.0,0.0,0.003937007874015748,0.003937007874015748,0.003937007874015748,0.003937007874015748,1.144915236314766,0.07520810415712635,1.0673029661178588,1.1117368936538696,1.2955474853515625,1.0599406957626343,0.07520810415712635,0.0023505687713623047,0.0,,,6,5,0.8333333333333334,0.0,37,37,1.0,0.0,59,59,1.0,0.0,14,14,1.0,0.0,22,22,1.0,0.0,83,83,1.0,0.0,33,33,1.0,0.0,0,False,
house_29,link5_sensor_3,link5,254,253,0.9960629921259843,0.2015810276679842,0.0,0.0,0.0,0.0,0.2047244094488189,0.003937007874015748,0.003937007874015748,0.003937007874015748,0.6241914586351794,0.1585994134258991,0.3989676654338837,0.5596472024917603,0.8575832724571226,0.39883118867874146,0.1585994134258991,0.0018960535526275635,0.0,,,6,5,0.8333333333333334,0.0,37,37,1.0,0.0,59,59,1.0,0.0,14,14,1.0,0.0,22,22,1.0,0.0,83,83,1.0,0.0,33,33,1.0,0.0,0,False,
house_29,link5_sensor_4,link5,254,253,0.9960629921259843,0.007905138339920948,0.003952569169960474,0.003952569169960474,0.003952569169960474,0.003952569169960474,0.011811023622047244,0.007874015748031496,0.007874015748031496,0.007874015748031496,1.0182343227383883,0.30236363956833645,0.5631226658821106,1.1330057382583618,1.3812767028808592,0.042532432824373245,0.30236363956833645,0.0041571855545043945,0.003952569169960474,,,6,5,0.8333333333333334,0.0,37,37,1.0,0.0,59,59,1.0,0.0,14,14,1.0,0.07142857142857142,22,22,1.0,0.0,83,83,1.0,0.0,33,33,1.0,0.0,0,False,
house_29,link5_sensor_5,link5,254,253,0.9960629921259843,0.0,0.0,0.0,0.0,0.0,0.003937007874015748,0.003937007874015748,0.003937007874015748,0.003937007874015748,1.1142653740441846,0.06022238135540319,1.0237523078918458,1.1119544506072998,1.227801465988159,1.0073779821395874,0.06022238135540319,0.002025127410888672,0.0,,,6,5,0.8333333333333334,0.0,37,37,1.0,0.0,59,59,1.0,0.0,14,14,1.0,0.0,22,22,1.0,0.0,83,83,1.0,0.0,33,33,1.0,0.0,0,False,
house_29,link6_sensor_0,link6,254,253,0.9960629921259843,1.0,0.391304347826087,0.0,0.0,0.0,1.0,0.3937007874015748,0.003937007874015748,0.003937007874015748,0.21182798167226813,0.0690772316086934,0.1172674462199211,0.21713022887706757,0.3038705289363861,0.11668119579553604,0.0690772316086934,0.00041244179010391235,0.391304347826087,,,6,5,0.8333333333333334,0.0,37,37,1.0,0.6756756756756757,59,59,1.0,1.0,14,14,1.0,0.6428571428571429,22,22,1.0,0.0,83,83,1.0,0.07228915662650602,33,33,1.0,0.0,3,False,
house_29,link6_sensor_1,link6,254,253,0.9960629921259843,1.0,0.5375494071146245,0.023715415019762844,0.011857707509881422,0.011857707509881422,1.0,0.5393700787401575,0.027559055118110236,0.015748031496062992,0.19258606697436378,0.06349231407787877,0.11771451085805892,0.1961185336112976,0.2965174376964569,0.04258452728390694,0.06349231407787877,0.00041386112570762634,0.5375494071146245,,,6,5,0.8333333333333334,0.0,37,37,1.0,0.918918918918919,59,59,1.0,1.0,14,14,1.0,0.6428571428571429,22,22,1.0,0.0,83,83,1.0,0.40963855421686746,33,33,1.0,0.0,4,True,activation_spread_across_many_phases
house_29,link6_sensor_2,link6,254,253,0.9960629921259843,1.0,0.49407114624505927,0.08695652173913043,0.07905138339920949,0.07905138339920949,1.0,0.49606299212598426,0.09055118110236221,0.08267716535433071,0.21143911159026765,0.08952652909583368,0.0431595578789711,0.20148219168186188,0.36694912910461425,0.04256238415837288,0.08952652909583368,0.0007056742906570435,0.49407114624505927,,,6,5,0.8333333333333334,0.0,37,37,1.0,0.8648648648648649,59,59,1.0,1.0,14,14,1.0,0.42857142857142855,22,22,1.0,0.0,83,83,1.0,0.3373493975903614,33,33,1.0,0.0,4,True,activation_spread_across_many_phases
house_29,link6_sensor_3,link6,254,253,0.9960629921259843,0.6561264822134387,0.0,0.0,0.0,0.0,0.65748031496063,0.003937007874015748,0.003937007874015748,0.003937007874015748,0.48788125712880975,0.20914838750980289,0.24412038922309875,0.3830079734325409,0.814175796508789,0.24290494620800018,0.20914838750980289,0.0027154386043548584,0.0,,,6,5,0.8333333333333334,0.0,37,37,1.0,0.0,59,59,1.0,0.0,14,14,1.0,0.0,22,22,1.0,0.0,83,83,1.0,0.0,33,33,1.0,0.0,0,False,
house_29,link6_sensor_4,link6,254,253,0.9960629921259843,0.9051383399209486,0.0,0.0,0.0,0.0,0.905511811023622,0.003937007874015748,0.003937007874015748,0.003937007874015748,0.32876493578607385,0.1547748592206516,0.21867236793041228,0.2735564112663269,0.7972587943077083,0.2142275720834732,0.1547748592206516,0.0015531331300735474,0.0,,,6,5,0.8333333333333334,0.0,37,37,1.0,0.0,59,59,1.0,0.0,14,14,1.0,0.0,22,22,1.0,0.0,83,83,1.0,0.0,33,33,1.0,0.0,0,False,
house_29,link6_sensor_5,link6,254,253,0.9960629921259843,1.0,0.4782608695652174,0.1541501976284585,0.15019762845849802,0.15019762845849802,1.0,0.48031496062992124,0.15748031496062992,0.15354330708661418,0.2045109750695615,0.09578611231867823,0.04260280728340149,0.20429939031600952,0.3689263820648193,0.0425366647541523,0.09578611231867823,0.0007277801632881165,0.4782608695652174,,,6,5,0.8333333333333334,0.0,37,37,1.0,0.8648648648648649,59,59,1.0,1.0,14,14,1.0,0.42857142857142855,22,22,1.0,0.0,83,83,1.0,0.2891566265060241,33,33,1.0,0.0,4,True,activation_spread_across_many_phases
house_29,link6_sensor_6,link6,254,253,0.9960629921259843,1.0,0.5019762845849802,0.0,0.0,0.0,1.0,0.5039370078740157,0.003937007874015748,0.003937007874015748,0.1949564877588287,0.06021374702117176,0.11621880233287811,0.19833076000213623,0.29023064374923707,0.11568264663219452,0.06021374702117176,0.00036349520087242126,0.5019762845849802,,,6,5,0.8333333333333334,0.0,37,37,1.0,0.8648648648648649,59,59,1.0,1.0,14,14,1.0,0.6428571428571429,22,22,1.0,0.0,83,83,1.0,0.3253012048192771,33,33,1.0,0.0,4,True,activation_spread_across_many_phases
house_29,link6_sensor_7,link6,254,253,0.9960629921259843,0.0,0.0,0.0,0.0,0.0,0.003937007874015748,0.003937007874015748,0.003937007874015748,0.003937007874015748,1.0847695585296089,0.0746927839785593,1.0121048212051391,1.0763248205184937,1.1732538938522339,0.6497614979743958,0.0746927839785593,0.0018988251686096191,0.0,,,6,5,0.8333333333333334,0.0,37,37,1.0,0.0,59,59,1.0,0.0,14,14,1.0,0.0,22,22,1.0,0.0,83,83,1.0,0.0,33,33,1.0,0.0,0,False,
house_33,link2_sensor_0,link2,228,227,0.9956140350877193,0.32158590308370044,0.0,0.0,0.0,0.0,0.32456140350877194,0.0043859649122807015,0.0043859649122807015,0.0043859649122807015,0.6598305602430772,0.3038954426296751,0.28613483905792236,0.6819007992744446,1.1309293031692504,0.2828543186187744,0.3038954426296751,0.0024757981300354004,0.0,,,6,5,0.8333333333333334,0.0,19,19,1.0,0.0,52,52,1.0,0.0,13,13,1.0,0.0,22,22,1.0,0.0,83,83,1.0,0.0,33,33,1.0,0.0,0,False,
house_33,link2_sensor_1,link2,228,227,0.9956140350877193,0.0,0.0,0.0,0.0,0.0,0.0043859649122807015,0.0043859649122807015,0.0043859649122807015,0.0043859649122807015,1.2432094342382993,0.22815719128757092,1.0280887603759765,1.0510317087173462,1.5015593528747557,0.8610131144523621,0.22815719128757092,0.00038826465606689453,0.0,,,6,5,0.8333333333333334,0.0,19,19,1.0,0.0,52,52,1.0,0.0,13,13,1.0,0.0,22,22,1.0,0.0,83,83,1.0,0.0,33,33,1.0,0.0,0,False,
house_33,link2_sensor_2,link2,228,227,0.9956140350877193,0.0,0.0,0.0,0.0,0.0,0.0043859649122807015,0.0043859649122807015,0.0043859649122807015,0.0043859649122807015,1.1283788615386392,0.4533067085645003,0.5804900527000427,1.1350531578063965,1.8063576459884643,0.5696108937263489,0.4533067085645003,0.0034185051918029785,0.0,,,6,5,0.8333333333333334,0.0,19,19,1.0,0.0,52,52,1.0,0.0,13,13,1.0,0.0,22,22,1.0,0.0,83,83,1.0,0.0,33,33,1.0,0.0,0,False,
house_33,link2_sensor_3,link2,228,227,0.9956140350877193,0.2907488986784141,0.0,0.0,0.0,0.0,0.29385964912280704,0.0043859649122807015,0.0043859649122807015,0.0043859649122807015,0.8676380239394268,0.49529917951446917,0.38830538690090177,0.514842689037323,1.587947130203247,0.3861605226993561,0.49529917951446917,0.0005872845649719238,0.0,,,6,5,0.8333333333333334,0.0,19,19,1.0,0.0,52,52,1.0,0.0,13,13,1.0,0.0,22,22,1.0,0.0,83,83,1.0,0.0,33,33,1.0,0.0,0,False,
house_33,link2_sensor_4,link2,228,227,0.9956140350877193,0.0,0.0,0.0,0.0,0.0,0.0043859649122807015,0.0043859649122807015,0.0043859649122807015,0.0043859649122807015,1.4657942896897573,0.029693354919530877,1.4270081162452697,1.4580961465835571,1.5191295146942139,1.4159581661224365,0.029693354919530877,0.0007894635200500488,0.0,,,6,5,0.8333333333333334,0.0,19,19,1.0,0.0,52,52,1.0,0.0,13,13,1.0,0.0,22,22,1.0,0.0,83,83,1.0,0.0,33,33,1.0,0.0,0,False,
house_33,link2_sensor_5,link2,228,227,0.9956140350877193,0.0,0.0,0.0,0.0,0.0,0.0043859649122807015,0.0043859649122807015,0.0043859649122807015,0.0043859649122807015,1.55784691167823,0.12179363174646922,1.46999831199646,1.4832810163497925,1.7748206496238708,1.4541996717453003,0.12179363174646922,0.000947117805480957,0.0,,,6,5,0.8333333333333334,0.0,19,19,1.0,0.0,52,52,1.0,0.0,13,13,1.0,0.0,22,22,1.0,0.0,83,83,1.0,0.0,33,33,1.0,0.0,0,False,
house_33,link2_sensor_6,link2,228,227,0.9956140350877193,1.0,0.0,0.0,0.0,0.0,1.0,0.0043859649122807015,0.0043859649122807015,0.0043859649122807015,0.3272666226137052,0.06221784656249171,0.27349267303943636,0.2891964018344879,0.42712699472904203,0.27246907353401184,0.06221784656249171,0.00015926361083984375,0.0,,,6,5,0.8333333333333334,0.0,19,19,1.0,0.0,52,52,1.0,0.0,13,13,1.0,0.0,22,22,1.0,0.0,83,83,1.0,0.0,33,33,1.0,0.0,0,False,
house_33,link3_sensor_0,link3,228,227,0.9956140350877193,0.0,0.0,0.0,0.0,0.0,0.0043859649122807015,0.0043859649122807015,0.0043859649122807015,0.0043859649122807015,1.4839118677088867,0.05768143928431951,1.406843638420105,1.4634367227554321,1.5854968667030334,1.360931634902954,0.05768143928431951,0.0008125901222229004,0.0,,,6,5,0.8333333333333334,0.0,19,19,1.0,0.0,52,52,1.0,0.0,13,13,1.0,0.0,22,22,1.0,0.0,83,83,1.0,0.0,33,33,1.0,0.0,0,False,
house_33,link3_sensor_1,link3,228,227,0.9956140350877193,0.0,0.0,0.0,0.0,0.0,0.0043859649122807015,0.0043859649122807015,0.0043859649122807015,0.0043859649122807015,1.3504051285168148,0.07459872691927102,1.270144784450531,1.3195300102233887,1.4981714487075806,1.264131784439087,0.07459872691927102,0.0009297728538513184,0.0,,,6,5,0.8333333333333334,0.0,19,19,1.0,0.0,52,52,1.0,0.0,13,13,1.0,0.0,22,22,1.0,0.0,83,83,1.0,0.0,33,33,1.0,0.0,0,False,
house_33,link3_sensor_2,link3,228,227,0.9956140350877193,0.004405286343612335,0.0,0.0,0.0,0.0,0.008771929824561403,0.0043859649122807015,0.0043859649122807015,0.0043859649122807015,0.6375888930018253,0.036158999163465044,0.5978308260440827,0.6357870101928711,0.6869748592376709,0.37219899892807007,0.036158999163465044,0.00023120641708374023,0.0,,,6,5,0.8333333333333334,0.0,19,19,1.0,0.0,52,52,1.0,0.0,13,13,1.0,0.0,22,22,1.0,0.0,83,83,1.0,0.0,33,33,1.0,0.0,0,False,
house_33,link3_sensor_3,link3,228,227,0.9956140350877193,0.0,0.0,0.0,0.0,0.0,0.0043859649122807015,0.0043859649122807015,0.0043859649122807015,0.0043859649122807015,1.4080678292833235,0.08689015191328511,1.3300428867340088,1.3568421602249146,1.5595074892044067,1.329401969909668,0.08689015191328511,0.000811457633972168,0.0,,,6,5,0.8333333333333334,0.0,19,19,1.0,0.0,52,52,1.0,0.0,13,13,1.0,0.0,22,22,1.0,0.0,83,83,1.0,0.0,33,33,1.0,0.0,0,False,
house_33,link3_sensor_4,link3,228,227,0.9956140350877193,0.0,0.0,0.0,0.0,0.0,0.0043859649122807015,0.0043859649122807015,0.0043859649122807015,0.0043859649122807015,1.7542312896199164,0.20051308602083945,1.4384737849235534,1.8180357217788696,1.9864507913589478,1.4383180141448975,0.20051308602083945,0.0009309649467468262,0.0,,,6,5,0.8333333333333334,0.0,19,19,1.0,0.0,52,52,1.0,0.0,13,13,1.0,0.0,22,22,1.0,0.0,83,83,1.0,0.0,33,33,1.0,0.0,0,False,
house_33,link3_sensor_5,link3,228,227,0.9956140350877193,0.0,0.0,0.0,0.0,0.0,0.0043859649122807015,0.0043859649122807015,0.0043859649122807015,0.0043859649122807015,1.0033538966451974,0.18291887920292366,0.7887458980083466,1.0161080360412598,1.2820955395698548,0.7502495646476746,0.18291887920292366,0.0016001760959625244,0.0,,,6,5,0.8333333333333334,0.0,19,19,1.0,0.0,52,52,1.0,0.0,13,13,1.0,0.0,22,22,1.0,0.0,83,83,1.0,0.0,33,33,1.0,0.0,0,False,
house_33,link3_sensor_6,link3,228,227,0.9956140350877193,0.0,0.0,0.0,0.0,0.0,0.0043859649122807015,0.0043859649122807015,0.0043859649122807015,0.0043859649122807015,0.8968838471673134,0.16324198871334397,0.65884929895401,0.9320966601371765,1.1245609045028686,0.6368515491485596,0.16324198871334397,0.000809788703918457,0.0,,,6,5,0.8333333333333334,0.0,19,19,1.0,0.0,52,52,1.0,0.0,13,13,1.0,0.0,22,22,1.0,0.0,83,83,1.0,0.0,33,33,1.0,0.0,0,False,
house_33,link3_sensor_7,link3,228,227,0.9956140350877193,0.5594713656387665,0.0,0.0,0.0,0.0,0.5614035087719298,0.0043859649122807015,0.0043859649122807015,0.0043859649122807015,0.3754203869645291,0.15799393654459348,0.21314476877450944,0.24809123575687408,0.555865901708603,0.21305255591869354,0.15799393654459348,6.841123104095459e-05,0.0,,,6,5,0.8333333333333334,0.0,19,19,1.0,0.0,52,52,1.0,0.0,13,13,1.0,0.0,22,22,1.0,0.0,83,83,1.0,0.0,33,33,1.0,0.0,0,False,
house_33,link5_sensor_0,link5,228,227,0.9956140350877193,0.0,0.0,0.0,0.0,0.0,0.0043859649122807015,0.0043859649122807015,0.0043859649122807015,0.0043859649122807015,1.5241541610415286,0.10747764551574582,1.3653179287910462,1.5759106874465942,1.633115255832672,1.328274130821228,0.10747764551574582,0.0013712644577026367,0.0,,,6,5,0.8333333333333334,0.0,19,19,1.0,0.0,52,52,1.0,0.0,13,13,1.0,0.0,22,22,1.0,0.0,83,83,1.0,0.0,33,33,1.0,0.0,0,False,
house_33,link5_sensor_1,link5,228,227,0.9956140350877193,0.0,0.0,0.0,0.0,0.0,0.0043859649122807015,0.0043859649122807015,0.0043859649122807015,0.0043859649122807015,1.417061162940206,0.06861468433309695,1.3209742784500123,1.4380853176116943,1.4964771151542664,1.298473596572876,0.06861468433309695,0.0012272000312805176,0.0,,,6,5,0.8333333333333334,0.0,19,19,1.0,0.0,52,52,1.0,0.0,13,13,1.0,0.0,22,22,1.0,0.0,83,83,1.0,0.0,33,33,1.0,0.0,0,False,
house_33,link5_sensor_2,link5,228,227,0.9956140350877193,0.0,0.0,0.0,0.0,0.0,0.0043859649122807015,0.0043859649122807015,0.0043859649122807015,0.0043859649122807015,1.3518243707749287,0.029178914704448375,1.3062492847442626,1.3530508279800415,1.3928027510643006,1.248931646347046,0.029178914704448375,0.0005878210067749023,0.0,,,6,5,0.8333333333333334,0.0,19,19,1.0,0.0,52,52,1.0,0.0,13,13,1.0,0.0,22,22,1.0,0.0,83,83,1.0,0.0,33,33,1.0,0.0,0,False,
house_33,link5_sensor_3,link5,228,227,0.9956140350877193,0.0,0.0,0.0,0.0,0.0,0.0043859649122807015,0.0043859649122807015,0.0043859649122807015,0.0043859649122807015,1.1227287608096252,0.24783963356740701,0.6887246787548065,1.2463895082473755,1.321736741065979,0.688527524471283,0.24783963356740701,0.0006551146507263184,0.0,,,6,5,0.8333333333333334,0.0,19,19,1.0,0.0,52,52,1.0,0.0,13,13,1.0,0.0,22,22,1.0,0.0,83,83,1.0,0.0,33,33,1.0,0.0,0,False,
house_33,link5_sensor_4,link5,228,227,0.9956140350877193,0.0,0.0,0.0,0.0,0.0,0.0043859649122807015,0.0043859649122807015,0.0043859649122807015,0.0043859649122807015,0.9966804844692415,0.06396302888866073,0.8956665515899658,0.9967578053474426,1.091274619102478,0.8955511450767517,0.06396302888866073,0.0011144280433654785,0.0,,,6,5,0.8333333333333334,0.0,19,19,1.0,0.0,52,52,1.0,0.0,13,13,1.0,0.0,22,22,1.0,0.0,83,83,1.0,0.0,33,33,1.0,0.0,0,False,
house_33,link5_sensor_5,link5,228,227,0.9956140350877193,0.0,0.0,0.0,0.0,0.0,0.0043859649122807015,0.0043859649122807015,0.0043859649122807015,0.0043859649122807015,1.3286203618616785,0.05323920522297369,1.2614248394966125,1.3317246437072754,1.4128774046897887,1.259757161140442,0.05323920522297369,0.0009402036666870117,0.0,,,6,5,0.8333333333333334,0.0,19,19,1.0,0.0,52,52,1.0,0.0,13,13,1.0,0.0,22,22,1.0,0.0,83,83,1.0,0.0,33,33,1.0,0.0,0,False,
house_33,link6_sensor_0,link6,228,227,0.9956140350877193,0.6431718061674009,0.08370044052863436,0.0,0.0,0.0,0.6447368421052632,0.08771929824561403,0.0043859649122807015,0.0043859649122807015,0.4279572504207426,0.10189953708248156,0.17008223980665207,0.45168477296829224,0.5206081092357635,0.1686689704656601,0.10189953708248156,0.0006370246410369873,0.08370044052863436,,,6,5,0.8333333333333334,1.0,19,19,1.0,0.0,52,52,1.0,0.0,13,13,1.0,0.0,22,22,1.0,0.4090909090909091,83,83,1.0,0.060240963855421686,33,33,1.0,0.0,1,False,
house_33,link6_sensor_1,link6,228,227,0.9956140350877193,0.6123348017621145,0.0,0.0,0.0,0.0,0.6140350877192983,0.0043859649122807015,0.0043859649122807015,0.0043859649122807015,0.45120423743378224,0.08597383075027691,0.24150190949440004,0.464863657951355,0.5227715790271759,0.24139033257961273,0.08597383075027691,0.0008005797863006592,0.0,,,6,5,0.8333333333333334,0.0,19,19,1.0,0.0,52,52,1.0,0.0,13,13,1.0,0.0,22,22,1.0,0.0,83,83,1.0,0.0,33,33,1.0,0.0,0,False,
house_33,link6_sensor_2,link6,228,227,0.9956140350877193,0.30837004405286345,0.11894273127753303,0.004405286343612335,0.004405286343612335,0.004405286343612335,0.31140350877192985,0.12280701754385964,0.008771929824561403,0.008771929824561403,0.48576608613658584,0.14239540013965882,0.18881116807460785,0.5425980091094971,0.6019989252090454,0.04299324378371239,0.14239540013965882,0.0007495284080505371,0.11894273127753303,,,6,5,0.8333333333333334,0.0,19,19,1.0,0.0,52,52,1.0,0.5,13,13,1.0,0.0,22,22,1.0,0.0,83,83,1.0,0.012048192771084338,33,33,1.0,0.0,1,False,
house_33,link6_sensor_3,link6,228,227,0.9956140350877193,0.0,0.0,0.0,0.0,0.0,0.0043859649122807015,0.0043859649122807015,0.0043859649122807015,0.0043859649122807015,1.128495729967361,0.33032347028161674,0.690854835510254,1.2038193941116333,1.5270469188690186,0.5940582752227783,0.33032347028161674,0.00046566128730773926,0.0,,,6,5,0.8333333333333334,0.0,19,19,1.0,0.0,52,52,1.0,0.0,13,13,1.0,0.0,22,22,1.0,0.0,83,83,1.0,0.0,33,33,1.0,0.0,0,False,
house_33,link6_sensor_4,link6,228,227,0.9956140350877193,0.14537444933920704,0.13656387665198239,0.0,0.0,0.0,0.14912280701754385,0.14035087719298245,0.0043859649122807015,0.0043859649122807015,0.6172839422189191,0.20008493534615324,0.18364857584238053,0.6331130266189575,0.8284522891044617,0.18357625603675842,0.20008493534615324,0.0022221803665161133,0.13656387665198239,,,6,5,0.8333333333333334,0.0,19,19,1.0,0.0,52,52,1.0,0.5961538461538461,13,13,1.0,0.0,22,22,1.0,0.0,83,83,1.0,0.0,33,33,1.0,0.0,1,False,
house_33,link6_sensor_5,link6,228,227,0.9956140350877193,0.6299559471365639,0.18502202643171806,0.004405286343612335,0.004405286343612335,0.004405286343612335,0.631578947368421,0.18859649122807018,0.008771929824561403,0.008771929824561403,0.39662130582371996,0.1352882932557913,0.17557118833065033,0.38838037848472595,0.5532152891159058,0.04299324378371239,0.1352882932557913,0.0006992220878601074,0.18502202643171806,,,6,5,0.8333333333333334,0.0,19,19,1.0,0.05263157894736842,52,52,1.0,0.7692307692307693,13,13,1.0,0.0,22,22,1.0,0.0,83,83,1.0,0.012048192771084338,33,33,1.0,0.0,1,False,
house_33,link6_sensor_6,link6,228,227,0.9956140350877193,0.73568281938326,0.0,0.0,0.0,0.0,0.7368421052631579,0.0043859649122807015,0.0043859649122807015,0.0043859649122807015,0.43851521722808284,0.07885971307262028,0.22940734922885894,0.45382314920425415,0.5188490152359009,0.22630923986434937,0.07885971307262028,0.0007310658693313599,0.0,,,6,5,0.8333333333333334,0.0,19,19,1.0,0.0,52,52,1.0,0.0,13,13,1.0,0.0,22,22,1.0,0.0,83,83,1.0,0.0,33,33,1.0,0.0,0,False,
house_33,link6_sensor_7,link6,228,227,0.9956140350877193,0.0,0.0,0.0,0.0,0.0,0.0043859649122807015,0.0043859649122807015,0.0043859649122807015,0.0043859649122807015,1.4209326316606632,0.053245198644467466,1.342794907093048,1.4280006885528564,1.4883858203887939,1.3415039777755737,0.053245198644467466,0.0003552436828613281,0.0,,,6,5,0.8333333333333334,0.0,19,19,1.0,0.0,52,52,1.0,0.0,13,13,1.0,0.0,22,22,1.0,0.0,83,83,1.0,0.0,33,33,1.0,0.0,0,False,
house_35,link2_sensor_0,link2,237,236,0.9957805907172996,0.2838983050847458,0.0,0.0,0.0,0.0,0.2869198312236287,0.004219409282700422,0.004219409282700422,0.004219409282700422,1.618822983260882,0.9039245769073878,0.2861403524875641,1.7570220828056335,2.700806975364685,0.2838958203792572,0.9039245769073878,0.003914386034011841,0.0,,,6,5,0.8333333333333334,0.0,28,28,1.0,0.0,52,52,1.0,0.0,14,14,1.0,0.0,21,21,1.0,0.0,83,83,1.0,0.0,33,33,1.0,0.0,0,False,
house_35,link2_sensor_1,link2,237,236,0.9957805907172996,0.0,0.0,0.0,0.0,0.0,0.004219409282700422,0.004219409282700422,0.004219409282700422,0.004219409282700422,0.9386935812436928,0.08484960898308762,0.7883545309305191,0.9695020020008087,1.0249052941799164,0.7882430553436279,0.08484960898308762,0.0020945072174072266,0.0,,,6,5,0.8333333333333334,0.0,28,28,1.0,0.0,52,52,1.0,0.0,14,14,1.0,0.0,21,21,1.0,0.0,83,83,1.0,0.0,33,33,1.0,0.0,0,False,
house_35,link2_sensor_2,link2,237,236,0.9957805907172996,0.0,0.0,0.0,0.0,0.0,0.004219409282700422,0.004219409282700422,0.004219409282700422,0.004219409282700422,2.0229291057182572,0.34652591996196125,1.520432710647583,2.069774866104126,2.5424782633781433,1.5053420066833496,0.34652591996196125,0.01481926441192627,0.0,,,6,5,0.8333333333333334,0.0,28,28,1.0,0.0,52,52,1.0,0.0,14,14,1.0,0.0,21,21,1.0,0.0,83,83,1.0,0.0,33,33,1.0,0.0,0,False,
house_35,link2_sensor_3,link2,237,236,0.9957805907172996,0.2796610169491525,0.0,0.0,0.0,0.0,0.28270042194092826,0.004219409282700422,0.004219409282700422,0.004219409282700422,0.6638891114774397,0.14679499442821148,0.4203956127166748,0.7336537539958954,0.7952065914869308,0.39960169792175293,0.14679499442821148,0.0013316869735717773,0.0,,,6,5,0.8333333333333334,0.0,28,28,1.0,0.0,52,52,1.0,0.0,14,14,1.0,0.0,21,21,1.0,0.0,83,83,1.0,0.0,33,33,1.0,0.0,0,False,
house_35,link2_sensor_4,link2,237,236,0.9957805907172996,0.0,0.0,0.0,0.0,0.0,0.004219409282700422,0.004219409282700422,0.004219409282700422,0.004219409282700422,1.5782507400391466,0.06486999544648943,1.445286512374878,1.5818959474563599,1.6583385169506073,1.4449435472488403,0.06486999544648943,0.001932978630065918,0.0,,,6,5,0.8333333333333334,0.0,28,28,1.0,0.0,52,52,1.0,0.0,14,14,1.0,0.0,21,21,1.0,0.0,83,83,1.0,0.0,33,33,1.0,0.0,0,False,
house_35,link2_sensor_5,link2,237,236,0.9957805907172996,0.0,0.0,0.0,0.0,0.0,0.004219409282700422,0.004219409282700422,0.004219409282700422,0.004219409282700422,1.4179328973010434,0.03653489043604392,1.3617430925369263,1.4189396500587463,1.4700572490692139,1.3596259355545044,0.03653489043604392,0.001443624496459961,0.0,,,6,5,0.8333333333333334,0.0,28,28,1.0,0.0,52,52,1.0,0.0,14,14,1.0,0.0,21,21,1.0,0.0,83,83,1.0,0.0,33,33,1.0,0.0,0,False,
house_35,link2_sensor_6,link2,237,236,0.9957805907172996,1.0,0.0,0.0,0.0,0.0,1.0,0.004219409282700422,0.004219409282700422,0.004219409282700422,0.318112747522734,0.06842787146393793,0.2581497058272362,0.27718836069107056,0.4193013235926628,0.2581441402435303,0.06842787146393793,0.0005082488059997559,0.0,,,6,5,0.8333333333333334,0.0,28,28,1.0,0.0,52,52,1.0,0.0,14,14,1.0,0.0,21,21,1.0,0.0,83,83,1.0,0.0,33,33,1.0,0.0,0,False,
house_35,link3_sensor_0,link3,237,236,0.9957805907172996,0.0,0.0,0.0,0.0,0.0,0.004219409282700422,0.004219409282700422,0.004219409282700422,0.004219409282700422,1.9353209057096707,0.10157029782136996,1.7689206898212433,1.9575183987617493,2.0646511912345886,1.7670115232467651,0.10157029782136996,0.004108786582946777,0.0,,,6,5,0.8333333333333334,0.0,28,28,1.0,0.0,52,52,1.0,0.0,14,14,1.0,0.0,21,21,1.0,0.0,83,83,1.0,0.0,33,33,1.0,0.0,0,False,
house_35,link3_sensor_1,link3,237,236,0.9957805907172996,0.0,0.0,0.0,0.0,0.0,0.004219409282700422,0.004219409282700422,0.004219409282700422,0.004219409282700422,1.754459359383179,0.47409129479193696,1.2472398281097412,1.583940327167511,2.6838735342025757,1.247239351272583,0.47409129479193696,0.005841374397277832,0.0,,,6,5,0.8333333333333334,0.0,28,28,1.0,0.0,52,52,1.0,0.0,14,14,1.0,0.0,21,21,1.0,0.0,83,83,1.0,0.0,33,33,1.0,0.0,0,False,
house_35,link3_sensor_2,link3,237,236,0.9957805907172996,1.0,0.0,0.0,0.0,0.0,1.0,0.004219409282700422,0.004219409282700422,0.004219409282700422,0.3119797767218897,0.009412992294300274,0.2940630540251732,0.31358160078525543,0.3242672383785248,0.29308611154556274,0.009412992294300274,0.00021544098854064941,0.0,,,6,5,0.8333333333333334,0.0,28,28,1.0,0.0,52,52,1.0,0.0,14,14,1.0,0.0,21,21,1.0,0.0,83,83,1.0,0.0,33,33,1.0,0.0,0,False,
house_35,link3_sensor_3,link3,237,236,0.9957805907172996,0.0,0.0,0.0,0.0,0.0,0.004219409282700422,0.004219409282700422,0.004219409282700422,0.004219409282700422,1.1890238556316344,0.2144901774754111,0.8351904153823853,1.1294703483581543,1.494317501783371,0.8348574042320251,0.2144901774754111,0.001868605613708496,0.0,,,6,5,0.8333333333333334,0.0,28,28,1.0,0.0,52,52,1.0,0.0,14,14,1.0,0.0,21,21,1.0,0.0,83,83,1.0,0.0,33,33,1.0,0.0,0,False,
house_35,link3_sensor_4,link3,237,236,0.9957805907172996,0.0,0.0,0.0,0.0,0.0,0.004219409282700422,0.004219409282700422,0.004219409282700422,0.004219409282700422,1.367891392465365,0.17779316778605123,1.191479206085205,1.300925076007843,1.673663854598999,1.1907014846801758,0.17779316778605123,0.0024034976959228516,0.0,,,6,5,0.8333333333333334,0.0,28,28,1.0,0.0,52,52,1.0,0.0,14,14,1.0,0.0,21,21,1.0,0.0,83,83,1.0,0.0,33,33,1.0,0.0,0,False,
house_35,link3_sensor_5,link3,237,236,0.9957805907172996,0.0,0.0,0.0,0.0,0.0,0.004219409282700422,0.004219409282700422,0.004219409282700422,0.004219409282700422,2.241849762908483,0.35423010633815327,1.7653236389160156,2.3963810205459595,2.763273537158966,1.7581000328063965,0.35423010633815327,0.005342245101928711,0.0,,,6,5,0.8333333333333334,0.0,28,28,1.0,0.0,52,52,1.0,0.0,14,14,1.0,0.0,21,21,1.0,0.0,83,83,1.0,0.0,33,33,1.0,0.0,0,False,
house_35,link3_sensor_6,link3,237,236,0.9957805907172996,0.0,0.0,0.0,0.0,0.0,0.004219409282700422,0.004219409282700422,0.004219409282700422,0.004219409282700422,1.4721452583700925,0.37864122727063265,0.8619953691959381,1.6177890300750732,1.932698667049408,0.8597936630249023,0.37864122727063265,0.010207653045654297,0.0,,,6,5,0.8333333333333334,0.0,28,28,1.0,0.0,52,52,1.0,0.0,14,14,1.0,0.0,21,21,1.0,0.0,83,83,1.0,0.0,33,33,1.0,0.0,0,False,
house_35,link3_sensor_7,link3,237,236,0.9957805907172996,0.3220338983050847,0.0,0.0,0.0,0.0,0.32489451476793246,0.004219409282700422,0.004219409282700422,0.004219409282700422,0.43830900058402855,0.1364715323635013,0.21419433131814003,0.5198026597499847,0.5539186745882034,0.21306605637073517,0.1364715323635013,0.0005438923835754395,0.0,,,6,5,0.8333333333333334,0.0,28,28,1.0,0.0,52,52,1.0,0.0,14,14,1.0,0.0,21,21,1.0,0.0,83,83,1.0,0.0,33,33,1.0,0.0,0,False,
house_35,link5_sensor_0,link5,237,236,0.9957805907172996,0.0,0.0,0.0,0.0,0.0,0.004219409282700422,0.004219409282700422,0.004219409282700422,0.004219409282700422,2.062613178612822,0.3979442910727044,1.680134356021881,1.8221074938774109,2.712475299835205,1.680022954940796,0.3979442910727044,0.004865765571594238,0.0,,,6,5,0.8333333333333334,0.0,28,28,1.0,0.0,52,52,1.0,0.0,14,14,1.0,0.0,21,21,1.0,0.0,83,83,1.0,0.0,33,33,1.0,0.0,0,False,
house_35,link5_sensor_1,link5,237,236,0.9957805907172996,0.0,0.0,0.0,0.0,0.0,0.004219409282700422,0.004219409282700422,0.004219409282700422,0.004219409282700422,2.0031637140249803,0.30877150032681805,1.7189228534698486,1.8069437146186829,2.478483736515045,1.7175323963165283,0.30877150032681805,0.003353714942932129,0.0,,,6,5,0.8333333333333334,0.0,28,28,1.0,0.0,52,52,1.0,0.0,14,14,1.0,0.0,21,21,1.0,0.0,83,83,1.0,0.0,33,33,1.0,0.0,0,False,
house_35,link5_sensor_2,link5,237,236,0.9957805907172996,0.0,0.0,0.0,0.0,0.0,0.004219409282700422,0.004219409282700422,0.004219409282700422,0.004219409282700422,1.5615950024734109,0.16793597167020013,1.2094189822673798,1.5352481007575989,1.7607897520065308,1.207755208015442,0.16793597167020013,0.0020051002502441406,0.0,,,6,5,0.8333333333333334,0.0,28,28,1.0,0.0,52,52,1.0,0.0,14,14,1.0,0.0,21,21,1.0,0.0,83,83,1.0,0.0,33,33,1.0,0.0,0,False,
house_35,link5_sensor_3,link5,237,236,0.9957805907172996,0.3008474576271186,0.0,0.0,0.0,0.0,0.3037974683544304,0.004219409282700422,0.004219409282700422,0.004219409282700422,0.6733974539122339,0.2170476561853949,0.37362729758024216,0.708297073841095,1.027750849723816,0.37084585428237915,0.2170476561853949,0.001504063606262207,0.0,,,6,5,0.8333333333333334,0.0,28,28,1.0,0.0,52,52,1.0,0.0,14,14,1.0,0.0,21,21,1.0,0.0,83,83,1.0,0.0,33,33,1.0,0.0,0,False,
house_35,link5_sensor_4,link5,237,236,0.9957805907172996,0.0,0.0,0.0,0.0,0.0,0.004219409282700422,0.004219409282700422,0.004219409282700422,0.004219409282700422,2.1261505216865215,0.09138472938284767,2.0214609503746033,2.086037516593933,2.2944095134735107,1.9955027103424072,0.09138472938284767,0.001501321792602539,0.0,,,6,5,0.8333333333333334,0.0,28,28,1.0,0.0,52,52,1.0,0.0,14,14,1.0,0.0,21,21,1.0,0.0,83,83,1.0,0.0,33,33,1.0,0.0,0,False,
house_35,link5_sensor_5,link5,237,236,0.9957805907172996,0.0,0.0,0.0,0.0,0.0,0.004219409282700422,0.004219409282700422,0.004219409282700422,0.004219409282700422,2.1559044602563824,0.24811887845101188,1.9295707643032074,1.979365587234497,2.523630738258362,1.9264112710952759,0.24811887845101188,0.0024031400680541992,0.0,,,6,5,0.8333333333333334,0.0,28,28,1.0,0.0,52,52,1.0,0.0,14,14,1.0,0.0,21,21,1.0,0.0,83,83,1.0,0.0,33,33,1.0,0.0,0,False,
house_35,link6_sensor_0,link6,237,236,0.9957805907172996,1.0,0.5635593220338984,0.0,0.0,0.0,1.0,0.5654008438818565,0.004219409282700422,0.004219409282700422,0.22178858187112768,0.095163324096439,0.1246316134929657,0.16898620873689651,0.3629975840449333,0.12415481358766556,0.095163324096439,0.00031754374504089355,0.5635593220338984,,,6,5,0.8333333333333334,1.0,28,28,1.0,0.25,52,52,1.0,1.0,14,14,1.0,1.0,21,21,1.0,1.0,83,83,1.0,0.40963855421686746,33,33,1.0,0.0,5,True,activation_spread_across_many_phases
house_35,link6_sensor_1,link6,237,236,0.9957805907172996,1.0,0.6016949152542372,0.22033898305084745,0.0,0.0,1.0,0.6033755274261603,0.22362869198312235,0.004219409282700422,0.19719480786283136,0.08872789533484798,0.09820353053510189,0.1581837311387062,0.33791297674179077,0.09772355109453201,0.08872789533484798,0.0004448890686035156,0.6016949152542372,,,6,5,0.8333333333333334,1.0,28,28,1.0,0.39285714285714285,52,52,1.0,1.0,14,14,1.0,1.0,21,21,1.0,1.0,83,83,1.0,0.46987951807228917,33,33,1.0,0.0,5,True,activation_spread_across_many_phases
house_35,link6_sensor_2,link6,237,236,0.9957805907172996,1.0,0.6016949152542372,0.19491525423728814,0.0,0.0,1.0,0.6033755274261603,0.19831223628691982,0.004219409282700422,0.20280437313525354,0.09446447064845001,0.09923681057989597,0.16037282347679138,0.3546410799026489,0.09875727444887161,0.09446447064845001,0.0004523247480392456,0.6016949152542372,,,6,5,0.8333333333333334,1.0,28,28,1.0,0.35714285714285715,52,52,1.0,1.0,14,14,1.0,1.0,21,21,1.0,1.0,83,83,1.0,0.4819277108433735,33,33,1.0,0.0,5,True,activation_spread_across_many_phases
house_35,link6_sensor_3,link6,237,236,0.9957805907172996,0.3601694915254237,0.0,0.0,0.0,0.0,0.3628691983122363,0.004219409282700422,0.004219409282700422,0.004219409282700422,0.49408015217316353,0.18256963555323635,0.2376859299838543,0.5308047831058502,0.7831705957651138,0.23539862036705017,0.18256963555323635,0.0008342266082763672,0.0,,,6,5,0.8333333333333334,0.0,28,28,1.0,0.0,52,52,1.0,0.0,14,14,1.0,0.0,21,21,1.0,0.0,83,83,1.0,0.0,33,33,1.0,0.0,0,False,
house_35,link6_sensor_4,link6,237,236,0.9957805907172996,1.0,0.3093220338983051,0.0,0.0,0.0,1.0,0.31223628691983124,0.004219409282700422,0.004219409282700422,0.23764264248942923,0.08488379980442966,0.12086792290210724,0.23614151775836945,0.3593577444553375,0.12017293274402618,0.08488379980442966,0.0004590228199958801,0.3093220338983051,,,6,5,0.8333333333333334,0.0,28,28,1.0,0.2857142857142857,52,52,1.0,1.0,14,14,1.0,0.9285714285714286,21,21,1.0,0.0,83,83,1.0,0.0,33,33,1.0,0.0,3,False,
house_35,link6_sensor_5,link6,237,236,0.9957805907172996,1.0,0.597457627118644,0.0,0.0,0.0,1.0,0.5991561181434599,0.004219409282700422,0.004219409282700422,0.20686205167133928,0.09671262764780468,0.10068010725080967,0.16381686925888062,0.36264246702194214,0.10019682347774506,0.09671262764780468,0.000470869243144989,0.597457627118644,,,6,5,0.8333333333333334,1.0,28,28,1.0,0.35714285714285715,52,52,1.0,1.0,14,14,1.0,1.0,21,21,1.0,1.0,83,83,1.0,0.46987951807228917,33,33,1.0,0.0,5,True,activation_spread_across_many_phases
house_35,link6_sensor_6,link6,237,236,0.9957805907172996,1.0,0.6016949152542372,0.0,0.0,0.0,1.0,0.6033755274261603,0.004219409282700422,0.004219409282700422,0.20340709789198333,0.09530957830095103,0.10112904570996761,0.15807972848415375,0.35805824398994446,0.10061923414468765,0.09530957830095103,0.00046959519386291504,0.6016949152542372,,,6,5,0.8333333333333334,1.0,28,28,1.0,0.35714285714285715,52,52,1.0,1.0,14,14,1.0,1.0,21,21,1.0,1.0,83,83,1.0,0.4819277108433735,33,33,1.0,0.0,5,True,activation_spread_across_many_phases
house_35,link6_sensor_7,link6,237,236,0.9957805907172996,0.0,0.0,0.0,0.0,0.0,0.004219409282700422,0.004219409282700422,0.004219409282700422,0.004219409282700422,2.4023646267793946,0.24598067548091734,2.1058446168899536,2.2768702507019043,2.7225453853607178,2.0670909881591797,0.24598067548091734,0.0022382736206054688,0.0,,,6,5,0.8333333333333334,0.0,28,28,1.0,0.0,52,52,1.0,0.0,14,14,1.0,0.0,21,21,1.0,0.0,83,83,1.0,0.0,33,33,1.0,0.0,0,False,
house_36,link2_sensor_0,link2,255,254,0.996078431372549,0.3110236220472441,0.0,0.0,0.0,0.0,0.3137254901960784,0.00392156862745098,0.00392156862745098,0.00392156862745098,0.9460035698620353,0.43817470265130004,0.2861430734395981,1.2074378728866577,1.3162750661373137,0.2838158905506134,0.43817470265130004,0.0008271932601928711,0.0,,,6,5,0.8333333333333334,0.0,38,38,1.0,0.0,49,49,1.0,0.0,15,15,1.0,0.0,31,31,1.0,0.0,83,83,1.0,0.0,33,33,1.0,0.0,0,False,
house_36,link2_sensor_1,link2,255,254,0.996078431372549,0.0,0.0,0.0,0.0,0.0,0.00392156862745098,0.00392156862745098,0.00392156862745098,0.00392156862745098,0.9156271130081237,0.20524771575357123,0.5484812229871749,1.0460201501846313,1.077059280872345,0.5457952618598938,0.20524771575357123,0.0010819435119628906,0.0,,,6,5,0.8333333333333334,0.0,38,38,1.0,0.0,49,49,1.0,0.0,15,15,1.0,0.0,31,31,1.0,0.0,83,83,1.0,0.0,33,33,1.0,0.0,0,False,
house_36,link2_sensor_2,link2,255,254,0.996078431372549,0.0,0.0,0.0,0.0,0.0,0.00392156862745098,0.00392156862745098,0.00392156862745098,0.00392156862745098,1.240199371116368,0.03435715844401157,1.191143238544464,1.233370840549469,1.287597006559372,1.1895579099655151,0.03435715844401157,0.0005687475204467773,0.0,,,6,5,0.8333333333333334,0.0,38,38,1.0,0.0,49,49,1.0,0.0,15,15,1.0,0.0,31,31,1.0,0.0,83,83,1.0,0.0,33,33,1.0,0.0,0,False,
house_36,link2_sensor_3,link2,255,254,0.996078431372549,0.3779527559055118,0.0,0.0,0.0,0.0,0.3803921568627451,0.00392156862745098,0.00392156862745098,0.00392156862745098,0.7585353608441165,0.251044714998559,0.4560892879962921,0.8735239207744598,1.0748463869094849,0.4489149749279022,0.251044714998559,0.001866459846496582,0.0,,,6,5,0.8333333333333334,0.0,38,38,1.0,0.0,49,49,1.0,0.0,15,15,1.0,0.0,31,31,1.0,0.0,83,83,1.0,0.0,33,33,1.0,0.0,0,False,
house_36,link2_sensor_4,link2,255,254,0.996078431372549,0.0,0.0,0.0,0.0,0.0,0.00392156862745098,0.00392156862745098,0.00392156862745098,0.00392156862745098,1.0393551850882101,0.02059955805339524,1.0183728098869325,1.0303446054458618,1.0722540616989136,1.0176371335983276,0.02059955805339524,0.00021314620971679688,0.0,,,6,5,0.8333333333333334,0.0,38,38,1.0,0.0,49,49,1.0,0.0,15,15,1.0,0.0,31,31,1.0,0.0,83,83,1.0,0.0,33,33,1.0,0.0,0,False,
house_36,link2_sensor_5,link2,255,254,0.996078431372549,0.0,0.0,0.0,0.0,0.0,0.00392156862745098,0.00392156862745098,0.00392156862745098,0.00392156862745098,1.0666158551306237,0.029364619804850275,1.0398931920528411,1.051579236984253,1.1161680221557617,1.0393894910812378,0.029364619804850275,0.0002123117446899414,0.0,,,6,5,0.8333333333333334,0.0,38,38,1.0,0.0,49,49,1.0,0.0,15,15,1.0,0.0,31,31,1.0,0.0,83,83,1.0,0.0,33,33,1.0,0.0,0,False,
house_36,link2_sensor_6,link2,255,254,0.996078431372549,0.9960629921259843,0.0,0.0,0.0,0.0,0.996078431372549,0.00392156862745098,0.00392156862745098,0.00392156862745098,0.327802337999419,0.09022814511615435,0.2530279025435448,0.28364717960357666,0.4723374456167221,0.2529069185256958,0.09022814511615435,0.0004171431064605713,0.0,,,6,5,0.8333333333333334,0.0,38,38,1.0,0.0,49,49,1.0,0.0,15,15,1.0,0.0,31,31,1.0,0.0,83,83,1.0,0.0,33,33,1.0,0.0,0,False,
house_36,link3_sensor_0,link3,255,254,0.996078431372549,0.0,0.0,0.0,0.0,0.0,0.00392156862745098,0.00392156862745098,0.00392156862745098,0.00392156862745098,1.009078658941224,0.06520799174956103,0.8833821982145309,1.041852355003357,1.0690030038356781,0.8819088339805603,0.06520799174956103,0.0006045103073120117,0.0,,,6,5,0.8333333333333334,0.0,38,38,1.0,0.0,49,49,1.0,0.0,15,15,1.0,0.0,31,31,1.0,0.0,83,83,1.0,0.0,33,33,1.0,0.0,0,False,
house_36,link3_sensor_1,link3,255,254,0.996078431372549,0.2125984251968504,0.0,0.0,0.0,0.0,0.21568627450980393,0.00392156862745098,0.00392156862745098,0.00392156862745098,0.8128991968284441,0.21967056363435458,0.4385342985391617,0.835695743560791,1.0377801656723022,0.4370141923427582,0.21967056363435458,0.0019811391830444336,0.0,,,6,5,0.8333333333333334,0.0,38,38,1.0,0.0,49,49,1.0,0.0,15,15,1.0,0.0,31,31,1.0,0.0,83,83,1.0,0.0,33,33,1.0,0.0,0,False,
house_36,link3_sensor_2,link3,255,254,0.996078431372549,0.0,0.0,0.0,0.0,0.0,0.00392156862745098,0.00392156862745098,0.00392156862745098,0.00392156862745098,2.0682510400381613,0.6373719033820592,1.3801008462905884,1.9932688474655151,3.242362856864929,1.3756061792373657,0.6373719033820592,0.0070531368255615234,0.0,,,6,5,0.8333333333333334,0.0,38,38,1.0,0.0,49,49,1.0,0.0,15,15,1.0,0.0,31,31,1.0,0.0,83,83,1.0,0.0,33,33,1.0,0.0,0,False,
house_36,link3_sensor_3,link3,255,254,0.996078431372549,0.0,0.0,0.0,0.0,0.0,0.00392156862745098,0.00392156862745098,0.00392156862745098,0.00392156862745098,0.8258971980237585,0.1578899112245612,0.6121591448783874,0.7701454758644104,1.0158834040164948,0.6111465096473694,0.1578899112245612,0.0013138055801391602,0.0,,,6,5,0.8333333333333334,0.0,38,38,1.0,0.0,49,49,1.0,0.0,15,15,1.0,0.0,31,31,1.0,0.0,83,83,1.0,0.0,33,33,1.0,0.0,0,False,
house_36,link3_sensor_4,link3,255,254,0.996078431372549,0.0,0.0,0.0,0.0,0.0,0.00392156862745098,0.00392156862745098,0.00392156862745098,0.00392156862745098,0.971050522224171,0.08411508649014748,0.8086176991462708,1.0144151449203491,1.0310016214847564,0.8006018400192261,0.08411508649014748,0.0005626678466796875,0.0,,,6,5,0.8333333333333334,0.0,38,38,1.0,0.0,49,49,1.0,0.0,15,15,1.0,0.0,31,31,1.0,0.0,83,83,1.0,0.0,33,33,1.0,0.0,0,False,
house_36,link3_sensor_5,link3,255,254,0.996078431372549,0.003937007874015748,0.003937007874015748,0.003937007874015748,0.0,0.0,0.00784313725490196,0.00784313725490196,0.00784313725490196,0.00392156862745098,0.93791958889154,0.09475646715815725,0.8150470286607743,0.9760395884513855,1.0255923390388488,0.05085131525993347,0.09475646715815725,0.0022549033164978027,0.003937007874015748,,,6,5,0.8333333333333334,0.0,38,38,1.0,0.0,49,49,1.0,0.0,15,15,1.0,0.0,31,31,1.0,0.0,83,83,1.0,0.012048192771084338,33,33,1.0,0.0,0,False,
house_36,link3_sensor_6,link3,255,254,0.996078431372549,0.0,0.0,0.0,0.0,0.0,0.00392156862745098,0.00392156862745098,0.00392156862745098,0.00392156862745098,1.175172947523162,0.15003423517320855,1.0435692191123962,1.0702036023139954,1.410580223798752,1.0432038307189941,0.15003423517320855,0.0004227161407470703,0.0,,,6,5,0.8333333333333334,0.0,38,38,1.0,0.0,49,49,1.0,0.0,15,15,1.0,0.0,31,31,1.0,0.0,83,83,1.0,0.0,33,33,1.0,0.0,0,False,
house_36,link3_sensor_7,link3,255,254,0.996078431372549,0.4566929133858268,0.0,0.0,0.0,0.0,0.4588235294117647,0.00392156862745098,0.00392156862745098,0.00392156862745098,0.4687662533535732,0.11992157542021671,0.24809248521924018,0.5287637710571289,0.574786651134491,0.24802857637405396,0.11992157542021671,0.0004986226558685303,0.0,,,6,5,0.8333333333333334,0.0,38,38,1.0,0.0,49,49,1.0,0.0,15,15,1.0,0.0,31,31,1.0,0.0,83,83,1.0,0.0,33,33,1.0,0.0,0,False,
house_36,link5_sensor_0,link5,255,254,0.996078431372549,0.0,0.0,0.0,0.0,0.0,0.00392156862745098,0.00392156862745098,0.00392156862745098,0.00392156862745098,0.8690219629467941,0.16478109407918526,0.6383857965469361,0.8452929258346558,1.0919221341609955,0.6356412172317505,0.16478109407918526,0.0036507844924926758,0.0,,,6,5,0.8333333333333334,0.0,38,38,1.0,0.0,49,49,1.0,0.0,15,15,1.0,0.0,31,31,1.0,0.0,83,83,1.0,0.0,33,33,1.0,0.0,0,False,
house_36,link5_sensor_1,link5,255,254,0.996078431372549,0.06692913385826772,0.0,0.0,0.0,0.0,0.07058823529411765,0.00392156862745098,0.00392156862745098,0.00392156862745098,0.7741207988478067,0.20536973350947083,0.4903961345553398,0.7212766408920288,1.055580097436905,0.4882515072822571,0.20536973350947083,0.004517912864685059,0.0,,,6,5,0.8333333333333334,0.0,38,38,1.0,0.0,49,49,1.0,0.0,15,15,1.0,0.0,31,31,1.0,0.0,83,83,1.0,0.0,33,33,1.0,0.0,0,False,
house_36,link5_sensor_2,link5,255,254,0.996078431372549,0.0,0.0,0.0,0.0,0.0,0.00392156862745098,0.00392156862745098,0.00392156862745098,0.00392156862745098,0.7754442931160214,0.19835460882642272,0.5225457072257995,0.7000003159046173,1.0832498848438263,0.5205239057540894,0.19835460882642272,0.0046498775482177734,0.0,,,6,5,0.8333333333333334,0.0,38,38,1.0,0.0,49,49,1.0,0.0,15,15,1.0,0.0,31,31,1.0,0.0,83,83,1.0,0.0,33,33,1.0,0.0,0,False,
house_36,link5_sensor_3,link5,255,254,0.996078431372549,0.5787401574803149,0.0,0.0,0.0,0.0,0.5803921568627451,0.00392156862745098,0.00392156862745098,0.00392156862745098,0.5560013164920131,0.24265443724245098,0.2866911306977272,0.452237993478775,0.9257985174655914,0.27852025628089905,0.24265443724245098,0.0014210343360900879,0.0,,,6,5,0.8333333333333334,0.0,38,38,1.0,0.0,49,49,1.0,0.0,15,15,1.0,0.0,31,31,1.0,0.0,83,83,1.0,0.0,33,33,1.0,0.0,0,False,
house_36,link5_sensor_4,link5,255,254,0.996078431372549,0.20078740157480315,0.0,0.0,0.0,0.0,0.20392156862745098,0.00392156862745098,0.00392156862745098,0.00392156862745098,0.7497067645074814,0.1954282309864851,0.47354892939329146,0.7164603173732758,1.0425532579421997,0.4722028970718384,0.1954282309864851,0.0032035112380981445,0.0,,,6,5,0.8333333333333334,0.0,38,38,1.0,0.0,49,49,1.0,0.0,15,15,1.0,0.0,31,31,1.0,0.0,83,83,1.0,0.0,33,33,1.0,0.0,0,False,
house_36,link5_sensor_5,link5,255,254,0.996078431372549,0.0984251968503937,0.0,0.0,0.0,0.0,0.10196078431372549,0.00392156862745098,0.00392156862745098,0.00392156862745098,0.7569376907245381,0.21871208553451715,0.4734039559960365,0.6652703583240509,1.0698873698711395,0.47173061966896057,0.21871208553451715,0.004165291786193848,0.0,,,6,5,0.8333333333333334,0.0,38,38,1.0,0.0,49,49,1.0,0.0,15,15,1.0,0.0,31,31,1.0,0.0,83,83,1.0,0.0,33,33,1.0,0.0,0,False,
house_36,link6_sensor_0,link6,255,254,0.996078431372549,0.0,0.0,0.0,0.0,0.0,0.00392156862745098,0.00392156862745098,0.00392156862745098,0.00392156862745098,1.052181766023786,0.32636688498290506,0.6617554992437362,1.152352511882782,1.512315958738327,0.6466959118843079,0.32636688498290506,0.005211353302001953,0.0,,,6,5,0.8333333333333334,0.0,38,38,1.0,0.0,49,49,1.0,0.0,15,15,1.0,0.0,31,31,1.0,0.0,83,83,1.0,0.0,33,33,1.0,0.0,0,False,
house_36,link6_sensor_1,link6,255,254,0.996078431372549,0.4330708661417323,0.0,0.0,0.0,0.0,0.43529411764705883,0.00392156862745098,0.00392156862745098,0.00392156862745098,0.5336363168917303,0.12114838573310667,0.39334726333618164,0.5347439050674438,0.7815561443567276,0.3806082010269165,0.12114838573310667,0.0018145442008972168,0.0,,,6,5,0.8333333333333334,0.0,38,38,1.0,0.0,49,49,1.0,0.0,15,15,1.0,0.0,31,31,1.0,0.0,83,83,1.0,0.0,33,33,1.0,0.0,0,False,
house_36,link6_sensor_2,link6,255,254,0.996078431372549,0.5590551181102362,0.0,0.0,0.0,0.0,0.5607843137254902,0.00392156862745098,0.00392156862745098,0.00392156862745098,0.4496950026102892,0.10476784575932302,0.30143223851919176,0.49052639305591583,0.5710170269012451,0.2892993688583374,0.10476784575932302,0.001572728157043457,0.0,,,6,5,0.8333333333333334,0.0,38,38,1.0,0.0,49,49,1.0,0.0,15,15,1.0,0.0,31,31,1.0,0.0,83,83,1.0,0.0,33,33,1.0,0.0,0,False,
house_36,link6_sensor_3,link6,255,254,0.996078431372549,0.6181102362204725,0.0,0.0,0.0,0.0,0.6196078431372549,0.00392156862745098,0.00392156862745098,0.00392156862745098,0.539441550810506,0.2523771089457229,0.2783702790737152,0.44582976400852203,0.9861167669296265,0.2688867151737213,0.2523771089457229,0.0015097260475158691,0.0,,,6,5,0.8333333333333334,0.0,38,38,1.0,0.0,49,49,1.0,0.0,15,15,1.0,0.0,31,31,1.0,0.0,83,83,1.0,0.0,33,33,1.0,0.0,0,False,
house_36,link6_sensor_4,link6,255,254,0.996078431372549,0.7047244094488189,0.0,0.0,0.0,0.0,0.7058823529411765,0.00392156862745098,0.00392156862745098,0.00392156862745098,0.43598255245235024,0.12132628749117062,0.27647886574268343,0.44336867332458496,0.6176143288612366,0.26461273431777954,0.12132628749117062,0.001393646001815796,0.0,,,6,5,0.8333333333333334,0.0,38,38,1.0,0.0,49,49,1.0,0.0,15,15,1.0,0.0,31,31,1.0,0.0,83,83,1.0,0.0,33,33,1.0,0.0,0,False,
house_36,link6_sensor_5,link6,255,254,0.996078431372549,0.5590551181102362,0.0,0.0,0.0,0.0,0.5607843137254902,0.00392156862745098,0.00392156862745098,0.00392156862745098,0.4533870757564785,0.10848427859743462,0.303829163312912,0.4899165779352188,0.5874775648117065,0.2902695834636688,0.10848427859743462,0.0016508102416992188,0.0,,,6,5,0.8333333333333334,0.0,38,38,1.0,0.0,49,49,1.0,0.0,15,15,1.0,0.0,31,31,1.0,0.0,83,83,1.0,0.0,33,33,1.0,0.0,0,False,
house_36,link6_sensor_6,link6,255,254,0.996078431372549,0.14960629921259844,0.0,0.0,0.0,0.0,0.15294117647058825,0.00392156862745098,0.00392156862745098,0.00392156862745098,0.6421481006023452,0.18508253249669868,0.4671421036124229,0.5714007318019867,1.0798221290111543,0.4530099034309387,0.18508253249669868,0.002224177122116089,0.0,,,6,5,0.8333333333333334,0.0,38,38,1.0,0.0,49,49,1.0,0.0,15,15,1.0,0.0,31,31,1.0,0.0,83,83,1.0,0.0,33,33,1.0,0.0,0,False,
house_36,link6_sensor_7,link6,255,254,0.996078431372549,0.28346456692913385,0.0,0.0,0.0,0.0,0.28627450980392155,0.00392156862745098,0.00392156862745098,0.00392156862745098,0.7069025582919909,0.27475833675873396,0.3753155365586281,0.5815564393997192,1.1169777512550354,0.37453800439834595,0.27475833675873396,0.0032913684844970703,0.0,,,6,5,0.8333333333333334,0.0,38,38,1.0,0.0,49,49,1.0,0.0,15,15,1.0,0.0,31,31,1.0,0.0,83,83,1.0,0.0,33,33,1.0,0.0,0,False,
